1223.jpg 1 0 0 0
1224.jpg 1 0 0 1
1225.jpg 1 0 0 0
1226.jpg 1 0 0 0
1227.jpg 1 0 0 1
1229.jpg 1 2 0 1
1230.jpg 1 0 0 1
1231.jpg 1 0 0 1
1233.jpg 1 0 0 1
1234.jpg 1 0 0 1
1235.jpg 1 0 0 1
1236.jpg 1 0 0 1
1237.jpg 1 0 0 1
1238.jpg 1 0 0 1
1239.jpg 1 0 0 1
1240.jpg 1 0 0 1
1241.jpg 1 0 0 1
1242.jpg 1 0 0 1
1243.jpg 1 0 0 1
1244.jpg 1 0 0 1
1245.jpg 1 0 0 1
1246.jpg 1 0 0 1
1247.jpg 1 0 0 1
1248.jpg 1 0 0 1
1249.jpg 1 0 0 0
1250.jpg 1 0 0 1
1251.jpg 1 0 0 1
1252.jpg 0 0 0 0
1253.jpg 1 0 0 1
1254.jpg 1 0 0 1
1255.jpg 1 0 0 1
1256.jpg 0 0 0 1
1257.jpg 0 0 0 1
1258.jpg 1 0 0 0
1259.jpg 1 0 0 0
1260.jpg 1 0 0 0
1261.jpg 1 0 0 0
1262.jpg 0 0 0 0
1263.jpg 1 0 0 0
1264.jpg 1 0 0 0
1265.jpg 1 0 0 0
1266.jpg 1 0 0 0
1267.jpg 1 0 0 1
1268.jpg 1 0 0 0
1269.jpg 1 1 0 1
1270.jpg 1 1 0 1
1271.jpg 1 0 0 0
1272.jpg 1 0 0 0
1273.jpg 1 0 0 1
1274.jpg 1 0 0 1
1275.jpg 1 0 0 0
1276.jpg 1 0 0 0
1277.jpg 1 0 0 0
1278.jpg 1 0 0 0
1279.jpg 1 0 0 1
1280.jpg 1 0 0 1
1281.jpg 1 0 0 0
1282.jpg 1 0 0 0
1283.jpg 0 2 0 0
1284.jpg 1 0 0 0
1285.jpg 0 1 0 0
1286.jpg 0 2 0 0
1287.jpg 1 0 0 0
1288.jpg 1 0 0 0
1289.jpg 1 0 0 0
1290.jpg 1 0 0 0
1291.jpg 1 0 0 0
1292.jpg 1 0 0 1
1293.jpg 1 0 0 0
1294.jpg 1 0 0 0
1295.jpg 1 0 0 0
1296.jpg 1 0 0 1
1297.jpg 0 0 0 1
1298.jpg 0 1 0 0
1299.jpg 1 0 0 0
1300.jpg 1 0 0 1
1301.jpg 1 0 0 0
1302.jpg 1 0 0 0
1303.jpg 0 0 0 1
1304.jpg 1 1 0 1
1305.jpg 1 1 0 1
1306.jpg 1 0 0 1
1307.jpg 1 0 0 1
1308.jpg 1 1 0 1
1309.jpg 0 1 0 0
1310.jpg 1 0 0 1
1311.jpg 1 0 0 1
1312.jpg 1 1 0 0
1313.jpg 1 0 0 0
1314.jpg 1 0 0 1
1315.jpg 1 0 0 1
1316.jpg 1 0 0 1
1317.jpg 1 1 0 1
1318.jpg 1 0 0 1
1319.jpg 1 0 0 1
1320.jpg 1 0 0 1
1321.jpg 1 0 0 0
1322.jpg 0 1 0 1
1323.jpg 1 0 0 0
1324.jpg 1 0 0 1
1325.jpg 1 0 0 0
1326.jpg 1 0 0 1
1327.jpg 1 0 0 1
1328.jpg 1 0 0 0
1329.jpg 1 0 0 1
1330.jpg 1 0 0 1
1331.jpg 1 0 0 1
1332.jpg 1 0 0 1
1333.jpg 1 0 0 0
1334.jpg 1 0 1 0
1335.jpg 0 2 0 1
1336.jpg 1 0 0 1
1337.jpg 1 0 0 0
1338.jpg 1 0 0 1
1339.jpg 1 0 0 1
1340.jpg 1 0 0 1
1341.jpg 1 0 0 1
1342.jpg 1 0 0 0
1343.jpg 0 0 0 0
1344.jpg 1 0 0 0
1345.jpg 0 0 0 0
1346.jpg 1 0 0 0
1347.jpg 1 0 0 0
1348.jpg 1 0 0 0
1349.jpg 1 0 0 0
1350.jpg 1 0 0 0
1351.jpg 1 0 0 1
1352.jpg 0 0 0 1
1353.jpg 0 0 0 1
1354.jpg 0 0 0 0
1355.jpg 0 1 0 0
1356.jpg 1 0 0 1
1357.jpg 1 0 0 1
1358.jpg 1 0 0 0
1359.jpg 1 0 0 0
1360.jpg 1 0 2 0
1361.jpg 1 0 2 1
1362.jpg 1 0 2 1
1363.jpg 0 0 0 0
1364.jpg 0 0 0 1
1365.jpg 1 0 0 0
1366.jpg 0 1 0 0
1367.jpg 1 0 0 1
1368.jpg 0 0 0 1
1369.jpg 1 0 0 1
1370.jpg 1 0 0 1
1371.jpg 0 0 0 0
1372.jpg 0 0 0 0
1373.jpg 1 0 0 1
1374.jpg 0 2 0 0
1375.jpg 0 0 0 1
1376.jpg 0 0 0 1
1377.jpg 1 0 0 0
1378.jpg 1 0 0 0
1379.jpg 0 0 0 0
1380.jpg 1 0 0 0
1381.jpg 0 1 0 0
1382.jpg 0 1 0 0
1383.jpg 0 0 0 1
1384.jpg 0 0 0 0
1385.jpg 0 0 0 1
1386.jpg 0 0 0 0
1387.jpg 0 0 0 0
1388.jpg 0 0 0 1
1389.jpg 1 0 0 0
1390.jpg 1 0 0 0
1391.jpg 1 0 0 0
1392.jpg 1 0 0 0
1393.jpg 0 0 0 1
1394.jpg 1 0 0 1
1395.jpg 0 0 0 1
1396.jpg 0 0 0 1
1397.jpg 0 0 0 1
1398.jpg 1 0 0 1
1399.jpg 1 0 0 1
1400.jpg 0 0 0 1
1401.jpg 0 0 0 0
1402.jpg 1 0 0 0
1403.jpg 1 0 0 0
1404.jpg 0 0 0 0
1405.jpg 1 0 0 0
1406.jpg 1 2 0 0
1407.jpg 0 0 0 0
1408.jpg 1 0 0 0
1409.jpg 1 0 0 0
1410.jpg 0 0 0 0
1411.jpg 0 0 0 0
1412.jpg 0 0 0 0
1413.jpg 0 0 0 0
1414.jpg 1 0 0 0
1415.jpg 0 0 0 0
1416.jpg 1 0 0 0
1417.jpg 1 0 0 0
1418.jpg 0 0 0 0
1419.jpg 1 0 0 0
1420.jpg 0 0 0 0
1421.jpg 1 0 0 0
1422.jpg 0 0 0 0
1423.jpg 0 0 0 0
1424.jpg 0 0 0 0
1425.jpg 1 1 0 0
1426.jpg 1 0 0 0
1427.jpg 1 0 0 0
1428.jpg 0 0 0 0
1429.jpg 1 0 0 1
1430.jpg 1 0 0 0
1431.jpg 0 0 0 1
1432.jpg 1 0 0 0
1433.jpg 0 1 0 0
1434.jpg 0 0 0 0
1435.jpg 0 0 0 0
1436.jpg 0 0 0 0
1437.jpg 0 0 0 0
1438.jpg 0 0 0 1
1439.jpg 0 0 0 1
1440.jpg 0 0 0 0
1441.jpg 0 1 0 0
1442.jpg 0 0 0 0
1443.jpg 0 0 0 1
1444.jpg 0 0 0 0
1445.jpg 0 0 0 1
1446.jpg 1 0 0 1
1447.jpg 0 0 0 1
1448.jpg 0 0 0 1
1449.jpg 0 0 0 0
1450.jpg 0 1 0 1
1451.jpg 1 0 0 1
1452.jpg 1 0 0 1
1453.jpg 1 0 0 0
1454.jpg 1 0 0 0
1455.jpg 1 0 0 0
1456.jpg 0 0 0 1
1457.jpg 0 0 0 0
1458.jpg 0 1 0 0
1459.jpg 0 1 0 0
1460.jpg 0 1 0 0
1461.jpg 1 1 0 1
1462.jpg 1 0 0 1
1463.jpg 0 0 0 0
1464.jpg 0 0 0 0
1465.jpg 1 0 0 1
1466.jpg 0 0 0 1
1467.jpg 0 0 0 0
1468.jpg 1 0 0 0
1469.jpg 1 0 0 1
1470.jpg 0 1 0 0
1471.jpg 0 1 0 0
1472.jpg 0 1 0 0
1473.jpg 0 1 0 0
1474.jpg 1 1 0 1
1475.jpg 1 1 0 0
1476.jpg 0 1 0 0
1477.jpg 0 1 0 1
1478.jpg 1 0 0 1
1479.jpg 0 2 0 1
1480.jpg 1 2 0 0
1481.jpg 0 1 0 1
1482.jpg 0 1 0 0
1483.jpg 0 1 0 1
1484.jpg 1 1 0 0
1485.jpg 0 1 0 0
1486.jpg 0 1 0 0
1487.jpg 0 1 0 0
1488.jpg 0 1 0 0
1489.jpg 0 1 0 1
1490.jpg 0 0 0 0
1491.jpg 1 1 0 0
1492.jpg 0 0 0 0
1493.jpg 0 2 0 0
1494.jpg 1 0 0 0
1495.jpg 0 1 0 0
1496.jpg 0 1 0 0
1497.jpg 1 1 0 0
1498.jpg 1 1 0 0
1499.jpg 0 2 0 0
1500.jpg 0 2 0 0
1501.jpg 1 0 0 1
1502.jpg 0 1 0 0
1503.jpg 1 1 0 0
1504.jpg 0 1 0 0
1505.jpg 1 1 0 0
1506.jpg 0 0 0 1
1507.jpg 0 1 0 0
1508.jpg 0 1 0 0
1509.jpg 1 1 0 0
1510.jpg 0 0 0 0
1511.jpg 0 0 0 0
1512.jpg 0 0 0 0
1513.jpg 0 0 0 0
1514.jpg 0 0 0 0
1515.jpg 0 0 0 0
1516.jpg 0 0 0 0
1517.jpg 0 0 0 0
1518.jpg 0 0 0 0
1519.jpg 0 0 0 1
1520.jpg 1 0 0 0
1521.jpg 0 0 0 0
1522.jpg 1 0 0 0
1523.jpg 1 0 0 1
1524.jpg 0 1 0 1
1525.jpg 1 1 0 0
1526.jpg 0 1 0 0
1527.jpg 1 1 0 0
1528.jpg 0 1 0 1
1529.jpg 0 1 1 0
1530.jpg 1 1 0 0
1531.jpg 0 1 0 0
1532.jpg 0 1 0 0
1533.jpg 0 1 0 0
1534.jpg 0 1 0 1
1535.jpg 0 1 0 1
1536.jpg 0 1 0 0
1537.jpg 1 1 0 0
1538.jpg 0 2 0 1
1539.jpg 0 1 0 1
1540.jpg 1 1 0 1
1541.jpg 0 1 0 0
1542.jpg 0 1 0 0
1543.jpg 0 1 0 1
1544.jpg 0 1 0 1
1545.jpg 0 0 0 0
1546.jpg 0 1 0 0
1547.jpg 0 1 0 1
1548.jpg 0 1 0 1
1549.jpg 1 1 0 0
1550.jpg 1 1 0 0
1551.jpg 0 1 2 0
1552.jpg 0 1 0 0
1553.jpg 1 1 1 1
1554.jpg 1 1 0 0
1555.jpg 1 1 1 1
1556.jpg 1 1 1 1
1557.jpg 0 1 0 1
1558.jpg 0 1 0 1
1559.jpg 0 0 0 0
1560.jpg 1 1 0 1
1561.jpg 1 1 0 1
1562.jpg 0 2 0 1
1563.jpg 1 0 0 1
1564.jpg 1 0 0 1
1565.jpg 1 0 0 1
1566.jpg 1 0 0 1
1567.jpg 1 1 0 1
1568.jpg 1 1 0 1
1569.jpg 0 2 0 1
1570.jpg 1 1 0 1
1571.jpg 1 1 0 1
1572.jpg 1 1 0 1
1573.jpg 0 2 0 1
1574.jpg 1 1 0 1
1575.jpg 1 1 0 1
1576.jpg 1 1 0 1
1577.jpg 1 1 0 1
1578.jpg 1 1 0 1
1579.jpg 1 1 0 0
1580.jpg 1 1 0 1
1581.jpg 0 1 0 0
1582.jpg 1 1 0 1
1583.jpg 1 1 0 0
1584.jpg 1 1 0 0
1585.jpg 0 2 0 1
1586.jpg 1 1 0 1
1587.jpg 1 2 0 1
1588.jpg 1 1 0 1
1589.jpg 1 2 0 0
1590.jpg 1 2 0 0
1591.jpg 1 1 0 1
1592.jpg 1 1 0 0
1593.jpg 1 1 0 0
1594.jpg 1 1 0 0
1595.jpg 1 1 0 1
1596.jpg 1 1 0 1
1597.jpg 1 1 0 0
1598.jpg 1 1 0 0
1599.jpg 1 1 0 0
1600.jpg 1 1 0 0
1601.jpg 1 1 0 0
1602.jpg 1 1 0 0
1603.jpg 1 1 0 0
1604.jpg 0 1 0 0
1605.jpg 1 1 0 1
1606.jpg 0 1 0 0
1607.jpg 1 1 0 1
1608.jpg 1 1 0 1
1609.jpg 1 1 0 0
1610.jpg 1 1 0 1
1611.jpg 0 1 0 1
1612.jpg 1 0 0 1
1613.jpg 1 1 0 1
1614.jpg 1 1 0 1
1615.jpg 0 1 0 0
1616.jpg 1 1 0 0
1617.jpg 1 1 0 0
1618.jpg 1 1 0 0
1619.jpg 1 1 0 0
1620.jpg 0 1 0 0
1621.jpg 1 1 0 0
1622.jpg 0 1 0 0
1623.jpg 1 1 0 0
1624.jpg 1 1 0 0
1625.jpg 1 1 0 0
1626.jpg 1 1 0 0
1627.jpg 0 1 0 0
1628.jpg 1 1 0 0
1629.jpg 0 1 0 0
1630.jpg 1 1 0 0
1631.jpg 0 1 0 0
1632.jpg 1 1 0 0
1633.jpg 1 1 0 0
1634.jpg 1 1 0 0
1635.jpg 1 1 0 0
1636.jpg 1 1 0 0
1637.jpg 1 1 0 0
1638.jpg 1 1 0 0
1639.jpg 1 0 0 0
1640.jpg 0 1 0 1
1641.jpg 1 1 0 0
1642.jpg 1 1 0 0
1643.jpg 0 1 0 0
1644.jpg 1 1 0 0
1645.jpg 1 1 0 0
1646.jpg 1 1 0 1
1647.jpg 1 1 0 0
1648.jpg 0 1 0 0
1649.jpg 0 1 0 0
1650.jpg 0 1 0 0
1651.jpg 1 1 0 1
1652.jpg 1 1 0 1
1653.jpg 0 1 0 0
1654.jpg 1 1 0 0
1655.jpg 0 2 0 0
1656.jpg 0 1 0 0
1657.jpg 1 2 0 1
1658.jpg 1 2 0 1
1659.jpg 1 2 0 0
1660.jpg 0 2 0 1
1661.jpg 1 1 0 1
1662.jpg 1 1 0 1
1663.jpg 1 1 0 0
1664.jpg 1 2 0 0
1665.jpg 1 2 0 1
1666.jpg 1 2 0 1
1667.jpg 1 2 0 1
1668.jpg 0 1 0 1
1669.jpg 0 1 0 1
1670.jpg 1 1 0 0
1671.jpg 0 2 0 0
1672.jpg 1 1 0 1
1673.jpg 1 2 0 1
1674.jpg 0 2 0 0
1675.jpg 0 2 0 0
1676.jpg 1 1 0 1
1677.jpg 1 1 0 1
1678.jpg 0 1 0 1
1679.jpg 1 1 0 0
1680.jpg 1 1 0 1
1681.jpg 1 1 0 0
1682.jpg 1 1 0 1
1683.jpg 1 1 0 1
1684.jpg 1 1 0 1
1685.jpg 0 2 0 0
1686.jpg 1 2 0 0
1687.jpg 1 1 0 0
1688.jpg 1 2 0 0
1689.jpg 1 1 0 0
1690.jpg 1 1 0 0
1691.jpg 1 1 0 0
1692.jpg 1 2 0 1
1693.jpg 1 2 0 1
1694.jpg 0 2 0 0
1695.jpg 1 2 0 1
1696.jpg 1 2 0 1
1697.jpg 1 2 0 1
1698.jpg 1 2 0 0
1699.jpg 1 2 0 1
1700.jpg 0 2 0 1
1701.jpg 1 2 0 1
1702.jpg 1 1 0 1
1703.jpg 1 2 0 0
1704.jpg 1 2 0 0
1705.jpg 1 2 0 1
1706.jpg 0 2 0 0
1707.jpg 1 2 0 1
1708.jpg 1 2 0 1
1709.jpg 1 1 0 0
1710.jpg 1 1 0 0
1711.jpg 1 1 0 0
1712.jpg 0 2 0 0
1713.jpg 1 1 0 0
1714.jpg 1 2 0 1
1715.jpg 0 2 0 1
1716.jpg 1 2 0 0
1717.jpg 0 2 0 1
1718.jpg 0 2 0 1
1719.jpg 0 2 0 0
1720.jpg 1 2 0 0
1721.jpg 1 2 0 0
1722.jpg 1 1 0 0
1723.jpg 1 2 0 1
1724.jpg 0 2 0 0
1725.jpg 1 1 0 0
1726.jpg 1 1 0 1
1727.jpg 0 2 0 1
1728.jpg 1 2 1 0
1729.jpg 1 1 0 1
1730.jpg 0 2 0 1
1731.jpg 0 2 0 1
1732.jpg 0 2 0 0
1733.jpg 0 1 0 0
1734.jpg 0 2 0 1
1735.jpg 0 1 1 0
1736.jpg 1 1 0 0
1737.jpg 1 1 0 1
1738.jpg 1 1 0 0
1739.jpg 0 2 0 1
1740.jpg 0 2 0 1
1741.jpg 0 1 0 1
1742.jpg 0 1 0 0
1743.jpg 0 2 0 0
1744.jpg 0 1 0 1
1745.jpg 0 1 0 0
1746.jpg 0 2 0 0
1747.jpg 0 1 0 0
1748.jpg 0 2 0 0
1749.jpg 0 1 0 0
1750.jpg 1 1 0 0
1751.jpg 0 1 0 0
1752.jpg 0 1 0 0
1753.jpg 0 1 0 0
1754.jpg 0 2 0 0
1755.jpg 0 1 0 0
1756.jpg 0 1 0 0
1757.jpg 0 1 0 0
1758.jpg 0 1 0 0
1759.jpg 0 1 0 0
1760.jpg 1 1 0 0
1761.jpg 0 1 0 0
1762.jpg 0 1 0 1
1763.jpg 0 1 0 1
1764.jpg 0 2 0 0
1765.jpg 0 1 0 1
1766.jpg 1 1 0 1
1767.jpg 0 2 0 0
1768.jpg 1 2 0 1
1769.jpg 0 2 0 1
1770.jpg 0 1 0 1
1771.jpg 0 1 0 1
1772.jpg 0 1 0 1
1773.jpg 0 1 0 1
1774.jpg 0 1 0 1
1775.jpg 0 2 0 1
1776.jpg 0 1 0 1
1777.jpg 0 1 0 0
1778.jpg 0 2 0 0
1779.jpg 0 2 0 0
1780.jpg 0 1 0 0
1781.jpg 0 1 0 0
1782.jpg 0 1 0 0
1783.jpg 0 1 0 1
1784.jpg 0 2 0 0
1785.jpg 0 1 0 0
1786.jpg 0 1 0 0
1787.jpg 0 1 0 1
1788.jpg 0 1 0 0
1789.jpg 0 1 0 0
1790.jpg 0 2 0 0
1791.jpg 0 1 0 0
1792.jpg 0 1 0 0
1793.jpg 0 1 0 0
1794.jpg 1 1 0 0
1795.jpg 0 1 0 0
1796.jpg 0 1 0 0
1797.jpg 0 2 0 0
1798.jpg 1 1 0 0
1799.jpg 1 1 0 0
1800.jpg 0 1 0 0
1801.jpg 0 1 0 0
1802.jpg 0 1 0 0
1803.jpg 0 2 0 0
1804.jpg 0 2 0 0
1805.jpg 0 1 0 0
1806.jpg 0 2 0 0
1807.jpg 0 2 0 0
1809.jpg 1 2 0 0
1810.jpg 0 2 0 0
1811.jpg 0 2 0 0
1812.jpg 1 2 0 0
1813.jpg 0 2 0 0
1814.jpg 0 2 0 0
1815.jpg 0 2 0 0
1816.jpg 0 2 0 0
1817.jpg 0 2 0 0
1818.jpg 0 2 0 0
1819.jpg 0 2 0 1
1820.jpg 0 2 0 1
1821.jpg 0 2 0 0
1822.jpg 0 2 0 0
1823.jpg 0 2 0 0
1824.jpg 0 2 0 0
1825.jpg 0 1 0 0
1826.jpg 0 2 0 0
1827.jpg 0 2 0 0
1828.jpg 0 2 0 0
1829.jpg 0 2 0 0
1830.jpg 0 2 0 0
1831.jpg 0 2 0 0
1832.jpg 0 2 0 0
1833.jpg 1 2 0 1
1834.jpg 1 1 0 1
1835.jpg 0 2 0 0
1836.jpg 1 1 0 0
1837.jpg 0 2 0 1
1838.jpg 0 1 0 0
1839.jpg 0 1 0 0
1840.jpg 0 2 0 0
1841.jpg 0 1 0 0
1842.jpg 0 2 0 0
1843.jpg 0 2 0 0
1844.jpg 0 2 0 0
1845.jpg 0 2 0 0
1846.jpg 0 2 0 0
1847.jpg 0 2 0 1
1848.jpg 1 2 0 0
1849.jpg 1 2 0 0
1850.jpg 0 2 0 0
1851.jpg 0 2 0 0
1852.jpg 0 2 0 0
1853.jpg 0 2 0 0
1854.jpg 0 1 0 1
1855.jpg 0 2 0 0
1856.jpg 1 2 0 0
1857.jpg 0 1 0 0
1858.jpg 0 2 0 1
1859.jpg 0 2 0 1
1860.jpg 0 2 0 0
1861.jpg 0 2 0 0
1862.jpg 0 2 0 0
1863.jpg 1 1 0 1
1864.jpg 0 2 0 0
1865.jpg 0 1 0 0
1866.jpg 1 2 0 1
1867.jpg 0 2 0 0
1868.jpg 0 2 0 1
1869.jpg 0 2 0 1
1870.jpg 0 2 0 0
1871.jpg 0 2 0 0
1872.jpg 0 2 0 0
1873.jpg 0 2 0 1
1874.jpg 0 2 0 0
1875.jpg 0 2 0 1
1876.jpg 0 2 0 0
1877.jpg 0 2 0 1
1878.jpg 0 2 0 0
1879.jpg 0 2 0 0
1880.jpg 0 2 0 0
1881.jpg 0 2 0 0
1882.jpg 0 2 0 0
1883.jpg 1 2 2 0
1884.jpg 1 2 1 0
1885.jpg 1 2 0 0
1886.jpg 1 2 0 1
1887.jpg 1 2 0 0
1888.jpg 1 2 0 0
1889.jpg 1 2 0 1
1890.jpg 0 2 0 1
1891.jpg 1 2 0 1
1892.jpg 1 2 0 1
1893.jpg 1 2 0 1
1894.jpg 1 2 0 0
1895.jpg 1 2 0 1
1896.jpg 1 2 0 1
1897.jpg 1 2 0 1
1898.jpg 1 2 0 0
1899.jpg 1 2 0 1
1900.jpg 1 2 0 1
1901.jpg 1 2 0 0
1902.jpg 1 2 0 0
1903.jpg 1 2 0 0
1904.jpg 1 2 0 1
1905.jpg 1 2 0 1
1906.jpg 1 2 0 1
1907.jpg 1 2 0 1
1908.jpg 1 2 0 1
1909.jpg 1 2 0 0
1910.jpg 1 2 0 1
1911.jpg 1 2 0 1
1912.jpg 1 2 0 1
1913.jpg 1 2 0 0
1914.jpg 1 2 0 1
1915.jpg 1 2 0 1
1916.jpg 1 2 0 1
1917.jpg 1 2 0 1
1918.jpg 1 2 0 1
1919.jpg 1 2 0 1
1920.jpg 1 2 0 0
1921.jpg 1 2 0 1
1922.jpg 1 2 0 0
1923.jpg 1 2 0 1
1924.jpg 1 2 0 1
1925.jpg 1 2 0 1
1926.jpg 1 2 0 0
1927.jpg 1 2 0 1
1928.jpg 1 2 0 1
1929.jpg 1 2 0 0
1930.jpg 1 2 0 0
1931.jpg 1 2 0 1
1932.jpg 1 2 0 1
1933.jpg 1 2 0 0
1934.jpg 1 2 0 1
1935.jpg 1 2 0 1
1936.jpg 1 2 0 1
1937.jpg 1 2 0 1
1938.jpg 1 2 0 1
1939.jpg 1 2 0 0
1940.jpg 1 2 0 1
1941.jpg 1 2 0 1
1942.jpg 1 2 0 0
1943.jpg 1 2 0 1
1944.jpg 1 2 0 0
1945.jpg 1 2 0 1
1946.jpg 1 2 0 1
1947.jpg 1 2 0 1
1948.jpg 1 2 0 1
1949.jpg 1 2 0 0
1950.jpg 1 2 0 1
1951.jpg 1 2 0 1
1952.jpg 1 2 0 1
1953.jpg 1 2 0 1
1954.jpg 1 2 0 0
1955.jpg 1 2 0 0
1956.jpg 1 2 0 0
1957.jpg 1 2 0 1
1958.jpg 1 2 0 1
1959.jpg 1 2 0 1
1960.jpg 1 2 0 0
1961.jpg 1 2 0 1
1962.jpg 1 2 0 1
1963.jpg 1 2 0 0
1964.jpg 1 2 0 1
1965.jpg 1 2 0 0
1966.jpg 1 2 0 1
1967.jpg 1 2 0 1
1968.jpg 1 2 0 1
1969.jpg 1 2 0 1
1970.jpg 1 2 0 1
1971.jpg 1 2 0 0
1972.jpg 0 2 0 1
1973.jpg 0 2 0 1
1974.jpg 0 2 0 1
1975.jpg 1 2 0 0
1976.jpg 1 2 0 0
1977.jpg 1 2 0 0
1978.jpg 1 2 0 1
1979.jpg 1 2 0 1
1980.jpg 1 2 0 1
1981.jpg 1 2 0 1
1982.jpg 1 2 0 1
1983.jpg 1 2 0 1
1984.jpg 1 2 0 1
1985.jpg 1 2 0 1
1986.jpg 1 2 0 1
1987.jpg 1 2 0 0
1988.jpg 0 2 0 0
1989.jpg 1 2 0 1
1990.jpg 1 2 0 1
1991.jpg 1 2 0 1
1992.jpg 1 2 0 1
1993.jpg 1 2 0 0
1994.jpg 1 2 0 1
1995.jpg 1 2 0 0
1996.jpg 1 2 0 0
1997.jpg 1 2 0 0
1998.jpg 1 2 0 0
1999.jpg 1 2 0 0
2000.jpg 1 2 0 0
2001.jpg 1 2 0 0
2002.jpg 1 2 0 1
2003.jpg 1 2 0 1
2004.jpg 1 2 0 1
2005.jpg 0 2 0 1
2006.jpg 1 2 0 1
2007.jpg 1 2 0 0
2008.jpg 1 2 0 1
2009.jpg 1 2 0 1
2010.jpg 1 2 0 0
2011.jpg 1 2 0 1
2012.jpg 1 2 0 1
2013.jpg 1 2 0 1
2014.jpg 1 2 0 1
2015.jpg 1 2 0 0
2016.jpg 1 2 0 0
2017.jpg 1 2 0 1
2018.jpg 1 2 0 1
2019.jpg 1 2 0 1
2020.jpg 1 2 0 1
2021.jpg 1 2 0 1
2022.jpg 1 2 0 0
2023.jpg 1 2 0 1
2024.jpg 1 2 0 1
2025.jpg 1 2 0 1
2026.jpg 0 2 0 1
2027.jpg 1 2 0 0
2028.jpg 1 2 0 1
2029.jpg 1 2 0 1
2030.jpg 1 2 0 1
2031.jpg 1 2 0 0
2032.jpg 1 2 0 0
2033.jpg 1 2 0 0
2034.jpg 1 2 0 0
2035.jpg 1 2 0 1
2036.jpg 1 2 0 0
2037.jpg 1 2 0 1
2038.jpg 1 2 0 1
2039.jpg 1 2 0 1
2040.jpg 1 2 0 1
2041.jpg 1 2 0 1
2042.jpg 1 2 0 1
2043.jpg 1 2 0 1
2044.jpg 1 2 0 0
2045.jpg 1 2 0 0
2046.jpg 1 2 0 1
2047.jpg 1 2 0 1
2048.jpg 1 2 0 0
2049.jpg 1 2 0 1
2050.jpg 1 2 0 0
2051.jpg 1 2 0 0
2052.jpg 1 2 0 1
2053.jpg 1 2 0 1
2054.jpg 1 2 0 1
2055.jpg 1 2 0 0
2056.jpg 1 2 0 0
2057.jpg 1 2 0 0
2058.jpg 1 2 0 1
2059.jpg 1 2 0 1
2060.jpg 1 2 0 1
2061.jpg 1 2 0 1
2062.jpg 1 2 0 1
2063.jpg 1 2 0 1
2064.jpg 1 2 0 0
2065.jpg 1 2 0 0
2066.jpg 1 2 0 1
2067.jpg 1 2 0 0
2068.jpg 1 2 0 0
2069.jpg 1 2 0 1
2070.jpg 1 2 0 0
2071.jpg 1 2 0 0
2072.jpg 1 2 0 1
2073.jpg 1 2 0 1
2074.jpg 1 2 0 0
2075.jpg 1 2 0 0
2076.jpg 1 2 0 1
2077.jpg 1 2 0 1
2078.jpg 1 2 0 0
2079.jpg 1 2 0 0
2080.jpg 1 2 0 0
2081.jpg 1 2 0 1
2082.jpg 1 2 0 0
2083.jpg 1 2 0 0
2084.jpg 1 2 0 0
2085.jpg 1 2 0 0
2086.jpg 1 2 0 0
2087.jpg 1 2 0 1
2088.jpg 1 2 0 0
2089.jpg 1 2 0 0
2090.jpg 1 2 0 0
2091.jpg 1 2 0 0
2092.jpg 1 2 0 1
2093.jpg 1 2 0 0
2094.jpg 1 2 0 0
2095.jpg 1 2 0 1
2096.jpg 1 2 0 1
2097.jpg 1 2 0 0
2098.jpg 1 2 0 0
2107.jpg 1 2 0 0
2108.jpg 1 2 0 0
2109.jpg 1 2 0 0
2110.jpg 1 2 0 1
2111.jpg 1 2 0 1
2112.jpg 1 2 0 0
2113.jpg 1 2 0 0
2114.jpg 1 2 0 1
2115.jpg 1 2 0 1
2116.jpg 1 2 0 0
2117.jpg 1 2 0 0
2118.jpg 1 2 0 0
2119.jpg 1 2 0 1
2120.jpg 1 2 0 0
2121.jpg 1 2 0 0
2122.jpg 1 2 0 0
2123.jpg 1 2 0 0
2124.jpg 1 2 0 0
2125.jpg 1 2 0 1
2126.jpg 1 2 0 0
2127.jpg 1 2 0 0
2128.jpg 1 2 0 0
2129.jpg 1 2 0 0
2130.jpg 1 2 0 1
2131.jpg 1 2 0 0
2132.jpg 1 2 0 0
2133.jpg 1 2 0 1
2134.jpg 1 2 0 1
2135.jpg 1 2 0 0
2136.jpg 1 2 0 0
2137.jpg 1 2 0 0
2138.jpg 1 2 0 1
2139.jpg 1 2 0 1
2140.jpg 1 2 0 1
2141.jpg 1 2 0 0
2142.jpg 1 2 0 0
2143.jpg 1 2 0 0
2144.jpg 1 2 0 1
2145.jpg 1 2 0 0
2146.jpg 1 2 0 0
2147.jpg 1 2 0 1
2148.jpg 0 2 0 0
2149.jpg 0 2 0 0
2150.jpg 1 2 0 0
2151.jpg 1 2 0 1
2152.jpg 1 2 0 1
2153.jpg 1 2 0 0
2154.jpg 1 2 0 1
2155.jpg 1 2 0 1
2156.jpg 1 2 0 0
2157.jpg 1 2 0 0
2158.jpg 1 2 0 0
2159.jpg 1 2 0 0
2160.jpg 1 2 0 1
2161.jpg 1 2 0 1
2162.jpg 1 2 0 0
2163.jpg 1 2 0 1
2164.jpg 0 2 0 0
2165.jpg 1 2 0 0
2166.jpg 1 2 0 0
2167.jpg 1 2 0 0
2168.jpg 1 2 0 0
2169.jpg 1 2 0 1
2170.jpg 1 2 0 0
2171.jpg 1 2 0 0
2172.jpg 1 2 0 1
2173.jpg 0 2 0 1
2174.jpg 0 2 0 0
2175.jpg 1 2 0 0
2176.jpg 1 2 0 1
2177.jpg 1 2 0 1
2178.jpg 1 2 0 0
2179.jpg 1 2 0 1
2180.jpg 1 2 0 0
2181.jpg 0 2 0 0
2182.jpg 0 2 0 1
2183.jpg 1 2 0 0
2184.jpg 1 2 0 1
2185.jpg 1 2 0 1
2186.jpg 1 2 0 1
2187.jpg 1 2 0 0
2188.jpg 1 2 0 1
2189.jpg 1 2 0 0
2190.jpg 1 2 0 0
2191.jpg 1 2 0 0
2192.jpg 1 2 0 1
2193.jpg 1 2 0 0
2194.jpg 1 2 0 1
2195.jpg 1 2 0 1
2196.jpg 1 2 0 0
2197.jpg 1 2 0 1
2198.jpg 1 2 0 0
2199.jpg 1 2 0 0
2200.jpg 1 2 0 1
2201.jpg 1 2 0 0
2202.jpg 1 2 0 0
2203.jpg 1 2 0 0
2204.jpg 1 2 0 0
2205.jpg 1 2 0 1
2206.jpg 1 2 0 1
2207.jpg 1 2 0 0
2208.jpg 1 2 0 0
2209.jpg 1 2 0 0
2210.jpg 1 2 0 0
2211.jpg 1 2 0 1
2212.jpg 1 2 0 1
2213.jpg 1 2 0 1
2214.jpg 1 2 0 0
2215.jpg 1 2 0 1
2216.jpg 1 2 0 0
2217.jpg 0 2 0 1
2218.jpg 0 2 0 0
2219.jpg 1 2 0 0
2220.jpg 1 2 0 0
2221.jpg 1 2 0 0
2222.jpg 1 2 0 1
2223.jpg 1 2 0 0
2224.jpg 1 2 0 1
2225.jpg 1 2 0 1
2226.jpg 1 2 0 0
2227.jpg 1 2 0 0
2228.jpg 1 2 0 0
2229.jpg 1 2 0 0
2230.jpg 1 2 0 0
2231.jpg 1 2 0 0
2232.jpg 1 2 0 1
2233.jpg 1 2 0 0
2234.jpg 1 2 0 1
2235.jpg 1 2 0 0
2236.jpg 1 2 0 0
2237.jpg 1 2 0 1
2238.jpg 1 2 0 0
2239.jpg 1 2 0 1
2240.jpg 1 2 0 1
2241.jpg 0 2 0 1
2242.jpg 1 2 0 0
2243.jpg 1 2 0 1
2244.jpg 1 2 0 0
2245.jpg 0 2 0 0
2246.jpg 1 2 0 1
2247.jpg 1 2 0 1
2248.jpg 1 2 0 0
2249.jpg 1 2 0 0
2250.jpg 1 2 0 0
2251.jpg 1 2 0 0
2252.jpg 1 2 0 0
2253.jpg 1 2 0 1
2254.jpg 1 2 0 1
2255.jpg 1 2 0 1
2256.jpg 1 2 0 0
2257.jpg 1 2 0 0
2258.jpg 1 2 0 0
2259.jpg 1 2 0 0
2260.jpg 1 2 0 1
2261.jpg 1 2 0 1
2262.jpg 1 2 0 1
2263.jpg 1 2 0 0
2264.jpg 1 2 0 1
2265.jpg 1 2 0 1
2266.jpg 1 2 0 0
2267.jpg 1 2 0 0
2268.jpg 1 2 0 1
2269.jpg 1 2 0 1
2270.jpg 1 2 0 1
2271.jpg 1 2 0 1
2272.jpg 1 2 0 0
2273.jpg 1 2 0 1
2274.jpg 1 2 0 1
2275.jpg 1 2 0 0
2276.jpg 1 2 0 1
2277.jpg 1 2 0 0
2278.jpg 1 2 0 0
2279.jpg 1 2 0 1
2280.jpg 1 2 0 0
2281.jpg 1 2 0 0
2282.jpg 1 2 0 1
2283.jpg 1 2 0 1
2284.jpg 1 2 0 0
2285.jpg 1 2 0 0
2286.jpg 1 2 0 0
2287.jpg 1 2 0 0
2288.jpg 1 2 0 0
2289.jpg 1 2 0 1
2290.jpg 1 2 0 0
2291.jpg 1 2 0 1
2292.jpg 1 2 0 0
2293.jpg 1 2 0 1
2294.jpg 1 2 0 0
2295.jpg 1 2 0 1
2296.jpg 1 2 0 0
2297.jpg 1 2 0 1
2298.jpg 1 2 0 1
2299.jpg 1 2 0 1
2300.jpg 1 2 0 1
2301.jpg 1 2 0 1
2302.jpg 1 2 0 1
2303.jpg 1 2 0 0
2304.jpg 1 2 0 0
2305.jpg 1 2 0 0
2306.jpg 1 2 0 1
2307.jpg 1 2 0 1
2308.jpg 1 2 0 1
2309.jpg 1 2 0 0
2310.jpg 1 2 0 1
2311.jpg 1 2 0 1
2312.jpg 1 2 0 1
2313.jpg 1 2 0 1
2314.jpg 1 2 0 1
2315.jpg 1 2 0 1
2316.jpg 1 2 0 0
2317.jpg 1 2 0 1
2318.jpg 1 2 0 1
2319.jpg 1 2 0 0
2320.jpg 1 2 0 0
2321.jpg 1 2 0 1
2322.jpg 1 2 0 1
2323.jpg 1 2 0 0
2324.jpg 1 2 0 1
2325.jpg 1 2 0 0
2326.jpg 1 2 0 1
2327.jpg 1 2 0 0
2328.jpg 1 2 0 1
2329.jpg 1 2 0 1
2330.jpg 1 2 0 1
2331.jpg 1 2 0 1
2332.jpg 1 2 0 1
2333.jpg 1 2 0 0
2334.jpg 1 2 0 1
2335.jpg 1 2 0 0
2336.jpg 1 2 0 1
2337.jpg 1 2 0 0
2338.jpg 1 2 0 0
2339.jpg 1 2 0 1
2340.jpg 1 2 0 0
2341.jpg 1 2 0 1
2342.jpg 1 2 0 0
2343.jpg 1 2 0 0
2344.jpg 1 2 0 1
2345.jpg 1 2 0 1
2346.jpg 1 2 0 1
2347.jpg 1 2 0 0
2348.jpg 1 2 0 0
2349.jpg 1 2 0 0
2350.jpg 1 2 0 1
2351.jpg 1 2 0 0
2352.jpg 1 2 0 1
2353.jpg 1 2 0 1
2354.jpg 1 2 0 1
2355.jpg 1 2 0 1
2356.jpg 1 2 0 1
2357.jpg 1 2 0 0
2358.jpg 1 2 0 1
2359.jpg 1 2 0 0
2360.jpg 1 2 0 0
2361.jpg 1 2 0 1
2362.jpg 1 2 0 0
2363.jpg 1 2 0 0
2364.jpg 1 2 0 1
2365.jpg 1 2 0 1
2366.jpg 1 2 0 1
2367.jpg 1 2 0 1
2368.jpg 1 2 0 0
2369.jpg 1 2 0 0
2370.jpg 1 2 0 0
2371.jpg 1 2 0 1
2372.jpg 1 2 0 1
2373.jpg 1 2 0 1
2374.jpg 1 2 0 0
2375.jpg 1 2 0 1
2376.jpg 1 2 0 1
2377.jpg 1 2 0 0
2378.jpg 1 2 0 0
2379.jpg 1 2 0 0
2380.jpg 1 2 0 1
2381.jpg 1 2 0 0
2382.jpg 1 2 0 0
2383.jpg 1 2 0 1
2384.jpg 1 2 0 1
2385.jpg 1 2 0 0
2386.jpg 1 2 0 1
2387.jpg 1 2 0 1
2388.jpg 1 2 0 1
2389.jpg 1 2 0 1
2390.jpg 1 2 0 1
2391.jpg 1 2 0 0
2392.jpg 1 2 0 0
2393.jpg 1 2 0 1
2394.jpg 1 2 0 1
2395.jpg 1 2 0 1
2396.jpg 1 2 0 0
2397.jpg 1 2 0 1
2398.jpg 1 2 0 0
2399.jpg 1 2 0 1
2400.jpg 1 2 0 1
2401.jpg 1 2 0 1
2402.jpg 1 2 0 1
2403.jpg 1 2 0 1
2404.jpg 1 2 0 0
2405.jpg 1 2 0 0
2406.jpg 1 2 0 0
2407.jpg 1 2 0 0
2408.jpg 1 2 0 1
2409.jpg 1 2 0 1
2410.jpg 1 2 0 1
2411.jpg 1 2 0 0
2412.jpg 1 2 0 1
2413.jpg 1 2 0 0
2414.jpg 1 2 0 1
2415.jpg 1 2 0 1
2416.jpg 1 2 0 1
2417.jpg 1 2 0 0
2418.jpg 1 2 0 0
2419.jpg 1 2 0 0
2420.jpg 1 2 0 0
2421.jpg 1 2 0 0
2422.jpg 1 2 0 1
2423.jpg 1 2 0 1
2424.jpg 1 2 0 1
2425.jpg 1 2 0 1
2426.jpg 1 2 0 1
2427.jpg 1 2 0 0
2428.jpg 1 2 0 0
2429.jpg 1 2 0 0
2430.jpg 1 2 0 1
2431.jpg 1 2 0 1
2432.jpg 1 2 0 1
2433.jpg 1 2 0 0
2434.jpg 1 2 0 1
2435.jpg 1 2 0 1
2436.jpg 1 2 0 1
2437.jpg 1 2 0 1
2438.jpg 1 2 0 0
2439.jpg 1 2 0 1
2440.jpg 1 2 0 1
2441.jpg 1 2 0 0
2442.jpg 1 2 0 1
2443.jpg 1 2 0 0
2444.jpg 1 2 0 1
2445.jpg 1 2 0 1
2446.jpg 1 2 0 1
2447.jpg 1 2 0 1
2448.jpg 1 2 0 1
2449.jpg 1 2 0 1
2450.jpg 1 2 0 1
2451.jpg 1 2 0 0
2452.jpg 1 2 0 0
2453.jpg 1 2 0 1
2454.jpg 1 2 0 0
2455.jpg 1 2 0 0
2456.jpg 1 2 0 1
2457.jpg 1 2 0 0
2458.jpg 1 2 0 1
2459.jpg 1 2 0 0
2460.jpg 1 2 0 0
2461.jpg 1 2 0 1
2462.jpg 1 2 0 1
2463.jpg 1 2 0 0
2464.jpg 1 2 0 1
2465.jpg 1 2 0 1
2466.jpg 1 2 0 1
2467.jpg 1 2 0 0
2468.jpg 1 2 0 1
2469.jpg 1 2 0 1
2470.jpg 1 2 0 1
2471.jpg 1 2 0 0
2472.jpg 1 2 0 0
2473.jpg 1 2 0 0
2474.jpg 1 2 0 0
2475.jpg 1 2 0 0
2476.jpg 1 2 0 0
2477.jpg 1 2 1 1
2478.jpg 1 2 1 1
2479.jpg 0 2 1 0
2480.jpg 1 2 1 1
2481.jpg 1 2 1 0
2482.jpg 1 2 0 0
2483.jpg 1 2 0 0
2484.jpg 1 2 0 1
2485.jpg 1 2 0 1
2486.jpg 1 2 0 1
2487.jpg 1 2 0 0
2488.jpg 1 2 0 0
2489.jpg 1 2 1 1
2490.jpg 1 2 1 0
2491.jpg 1 2 1 1
2492.jpg 1 2 0 1
2493.jpg 1 2 0 1
2494.jpg 1 2 1 1
2495.jpg 1 2 1 0
2496.jpg 1 2 0 0
2497.jpg 1 2 0 0
2498.jpg 0 2 1 0
2499.jpg 1 2 1 0
2500.jpg 1 2 1 1
2501.jpg 1 2 1 1
2502.jpg 1 2 1 1
2503.jpg 1 2 1 0
2504.jpg 1 2 1 1
2505.jpg 1 2 1 1
2506.jpg 1 2 1 1
2507.jpg 1 2 1 1
2508.jpg 0 2 0 1
2509.jpg 0 2 1 0
2510.jpg 1 2 0 1
2511.jpg 1 2 1 1
2512.jpg 1 2 1 0
2513.jpg 1 2 1 1
2514.jpg 1 2 1 0
2515.jpg 1 2 1 0
2516.jpg 1 2 1 0
2517.jpg 1 2 1 1
2518.jpg 1 2 1 0
2519.jpg 1 2 1 1
2520.jpg 1 2 1 1
2521.jpg 1 2 1 1
2522.jpg 1 2 1 1
2523.jpg 1 2 0 0
2524.jpg 1 2 0 0
2525.jpg 1 2 0 1
2526.jpg 1 2 0 0
2527.jpg 1 2 0 0
2528.jpg 1 2 0 1
2529.jpg 1 2 0 1
2530.jpg 1 2 0 1
2531.jpg 1 2 0 1
2532.jpg 1 2 0 1
2533.jpg 1 2 0 1
2534.jpg 1 2 0 1
2535.jpg 1 2 1 1
2536.jpg 1 2 0 1
2537.jpg 1 2 0 0
2538.jpg 1 2 0 1
2539.jpg 1 2 0 0
2540.jpg 1 2 0 1
2541.jpg 1 2 0 1
2542.jpg 1 2 0 1
2543.jpg 1 2 0 1
2544.jpg 1 2 0 1
2545.jpg 1 2 0 1
2546.jpg 1 2 0 0
2547.jpg 1 2 0 1
2548.jpg 1 2 0 1
2549.jpg 1 2 0 0
2550.jpg 1 2 2 1
2551.jpg 1 2 2 0
2552.jpg 1 2 2 0
2553.jpg 1 2 2 1
2554.jpg 1 2 2 1
2555.jpg 1 2 2 1
2556.jpg 1 2 2 0
2557.jpg 1 2 2 1
2558.jpg 1 2 2 0
2559.jpg 1 2 2 1
2560.jpg 1 2 2 0
2561.jpg 1 2 2 1
2562.jpg 1 2 2 0
2563.jpg 1 2 2 1
2564.jpg 1 2 2 1
2565.jpg 1 2 2 0
2566.jpg 1 2 2 0
2567.jpg 1 2 0 0
2568.jpg 0 2 0 1
2569.jpg 1 2 2 1
2570.jpg 1 2 2 1
2571.jpg 1 2 2 0
2572.jpg 1 2 2 0
2573.jpg 1 2 2 0
2574.jpg 1 2 2 0
2575.jpg 1 2 2 1
2576.jpg 1 2 2 1
2577.jpg 1 2 2 1
2578.jpg 1 2 2 1
2579.jpg 1 2 2 0
2580.jpg 1 2 2 1
2581.jpg 1 2 2 0
2582.jpg 1 2 2 0
2583.jpg 1 2 2 1
2584.jpg 1 2 0 1
2585.jpg 1 2 0 1
2586.jpg 0 2 0 1
2587.jpg 0 2 0 0
2588.jpg 1 2 2 1
2589.jpg 1 2 2 1
2590.jpg 1 2 2 1
2591.jpg 1 2 2 0
2592.jpg 1 2 2 0
2593.jpg 1 2 2 0
2594.jpg 1 2 2 0
2595.jpg 1 2 2 0
2596.jpg 1 2 2 1
2597.jpg 1 2 2 1
2598.jpg 0 2 0 1
2599.jpg 0 2 0 0
2600.jpg 0 2 0 1
2601.jpg 0 2 0 0
2602.jpg 0 2 0 1
2603.jpg 0 2 0 0
2604.jpg 0 2 0 0
2605.jpg 0 2 0 0
2606.jpg 0 2 0 1
2607.jpg 0 2 0 1
2608.jpg 0 2 0 0
2609.jpg 0 2 0 0
2610.jpg 0 2 0 1
2611.jpg 0 2 0 0
2612.jpg 0 2 0 0
2613.jpg 0 2 0 1
2614.jpg 0 2 0 0
2615.jpg 0 2 0 1
2616.jpg 0 2 0 1
2617.jpg 0 2 0 1
2618.jpg 0 2 0 1
2619.jpg 0 2 0 1
2620.jpg 0 2 0 1
2621.jpg 0 2 0 0
2622.jpg 0 2 0 0
2623.jpg 0 2 0 1
2624.jpg 0 2 0 1
2625.jpg 0 2 0 1
2626.jpg 0 2 0 1
2627.jpg 0 2 0 0
2628.jpg 0 2 0 1
2629.jpg 0 2 0 1
2630.jpg 0 2 0 0
2631.jpg 0 2 0 1
2632.jpg 0 2 0 1
2633.jpg 0 2 0 1
2634.jpg 0 2 0 1
2635.jpg 0 2 0 1
2636.jpg 0 2 0 1
2637.jpg 0 2 0 0
2638.jpg 0 2 0 1
2639.jpg 0 2 0 1
2640.jpg 0 2 0 0
2641.jpg 0 2 0 1
2642.jpg 0 2 0 1
2643.jpg 0 2 0 1
2644.jpg 0 2 0 1
2645.jpg 0 2 0 1
2646.jpg 0 2 0 1
2647.jpg 0 2 0 1
2648.jpg 0 2 0 1
2649.jpg 0 2 0 0
2650.jpg 0 2 0 1
2651.jpg 0 2 0 1
2652.jpg 0 2 0 1
2653.jpg 0 2 0 1
2654.jpg 0 2 0 1
2655.jpg 0 2 0 0
2656.jpg 0 2 0 0
2657.jpg 0 2 0 0
2658.jpg 0 2 0 0
2659.jpg 0 2 0 0
2660.jpg 0 2 0 1
2661.jpg 0 2 0 1
2662.jpg 0 2 0 0
2663.jpg 0 2 0 1
2664.jpg 0 2 0 0
2665.jpg 0 2 0 1
2666.jpg 0 2 0 1
2667.jpg 0 2 0 1
2668.jpg 0 2 0 0
2669.jpg 0 2 0 1
2670.jpg 0 2 0 0
2671.jpg 0 2 0 0
2672.jpg 0 2 0 0
2673.jpg 0 2 0 1
2674.jpg 0 2 0 1
2675.jpg 0 2 0 0
2676.jpg 0 2 0 1
2677.jpg 0 2 0 1
2678.jpg 1 2 0 0
2679.jpg 0 2 0 0
2680.jpg 0 2 0 1
2681.jpg 0 2 0 1
2682.jpg 0 2 0 1
2683.jpg 0 2 0 0
2684.jpg 0 2 0 0
2685.jpg 0 2 0 0
2686.jpg 0 2 0 1
2687.jpg 0 2 0 1
2688.jpg 0 2 0 1
2689.jpg 0 2 0 1
2690.jpg 0 2 0 1
2691.jpg 0 2 0 1
2692.jpg 0 2 0 1
2693.jpg 0 2 0 0
2694.jpg 0 2 0 0
2695.jpg 0 2 0 0
2696.jpg 0 2 0 0
2697.jpg 0 2 0 0
2698.jpg 0 2 0 0
2699.jpg 0 2 0 1
2700.jpg 0 2 0 0
2701.jpg 0 2 0 1
2702.jpg 0 2 0 0
2703.jpg 0 2 0 0
2704.jpg 0 2 0 1
2705.jpg 0 2 0 1
2706.jpg 0 2 0 0
2707.jpg 0 2 0 0
2708.jpg 0 2 0 0
2709.jpg 0 2 0 0
2710.jpg 0 2 0 0
2711.jpg 0 2 0 1
2712.jpg 0 2 0 0
2713.jpg 0 2 0 0
2714.jpg 0 2 0 0
2715.jpg 0 2 0 0
2716.jpg 0 2 0 0
2717.jpg 0 2 0 0
2718.jpg 0 2 0 0
2719.jpg 0 2 0 1
2720.jpg 0 2 0 0
2721.jpg 0 2 0 0
2722.jpg 0 2 0 0
2723.jpg 0 2 0 0
2724.jpg 0 2 0 0
2725.jpg 0 2 0 0
2726.jpg 0 2 0 0
2727.jpg 0 2 0 0
2728.jpg 0 2 0 1
2729.jpg 0 2 0 0
2730.jpg 0 2 0 1
2731.jpg 0 2 0 1
2732.jpg 0 2 0 1
2733.jpg 0 2 0 1
2734.jpg 0 2 0 0
2735.jpg 0 2 0 1
2736.jpg 0 2 0 0
2737.jpg 0 2 0 0
2738.jpg 0 2 0 1
2739.jpg 0 2 0 1
2740.jpg 0 2 0 0
2741.jpg 0 2 0 0
2742.jpg 0 2 0 1
2743.jpg 0 2 0 0
2744.jpg 0 2 0 0
2745.jpg 0 2 0 0
2746.jpg 0 2 0 1
2747.jpg 0 2 0 0
2748.jpg 0 2 0 0
2749.jpg 0 2 0 1
2750.jpg 0 2 0 1
2751.jpg 0 2 0 1
2752.jpg 0 2 0 0
2753.jpg 0 2 0 0
2754.jpg 0 2 0 0
2755.jpg 1 2 0 1
2756.jpg 0 2 0 0
2757.jpg 0 2 0 1
2758.jpg 0 2 0 1
2759.jpg 0 2 0 1
2760.jpg 0 2 0 0
2761.jpg 0 2 0 0
2762.jpg 0 2 0 0
2763.jpg 0 2 0 0
2764.jpg 0 2 0 0
2765.jpg 0 2 0 0
2766.jpg 0 2 0 1
2767.jpg 0 2 0 1
2768.jpg 0 2 0 1
2769.jpg 0 2 0 0
2770.jpg 0 2 0 1
2771.jpg 0 2 0 0
2772.jpg 0 2 0 0
2773.jpg 0 2 0 1
2774.jpg 0 2 0 1
2775.jpg 0 2 0 0
2776.jpg 0 2 0 0
2777.jpg 0 2 0 0
2778.jpg 0 2 0 0
2779.jpg 0 2 0 0
2780.jpg 0 2 0 1
2781.jpg 0 2 0 0
2782.jpg 0 2 0 0
2783.jpg 0 2 0 1
2784.jpg 0 2 0 1
2785.jpg 0 2 0 1
2786.jpg 0 2 0 1
2787.jpg 0 2 0 0
2788.jpg 0 2 0 1
2789.jpg 0 2 0 1
2790.jpg 0 2 0 1
2791.jpg 0 2 0 0
2792.jpg 0 2 0 1
2793.jpg 0 2 0 1
2794.jpg 0 2 0 1
2795.jpg 0 2 0 1
2796.jpg 0 2 0 1
2797.jpg 0 2 0 1
2798.jpg 0 2 0 0
2799.jpg 0 2 0 0
2800.jpg 0 2 0 1
2801.jpg 0 2 0 1
2802.jpg 0 2 0 1
2803.jpg 0 2 0 0
2804.jpg 0 2 0 1
2805.jpg 0 2 0 0
2806.jpg 0 2 0 0
2807.jpg 0 2 0 1
2808.jpg 0 2 0 0
2809.jpg 0 2 0 0
2810.jpg 0 2 0 1
2811.jpg 0 2 0 0
2812.jpg 0 2 0 0
2813.jpg 0 2 0 0
2814.jpg 0 2 0 0
2815.jpg 0 2 0 1
2816.jpg 0 2 0 0
2817.jpg 0 2 0 0
2818.jpg 0 2 0 1
2819.jpg 1 2 0 0
2820.jpg 0 2 0 1
2821.jpg 0 2 0 0
2822.jpg 0 2 0 0
2823.jpg 0 2 0 0
2824.jpg 0 2 0 0
2825.jpg 0 2 0 0
2826.jpg 0 2 0 0
2827.jpg 0 2 0 1
2828.jpg 0 2 0 0
2829.jpg 1 2 0 0
2830.jpg 1 2 0 1
2831.jpg 0 2 0 1
2832.jpg 0 2 0 0
2833.jpg 0 2 0 0
2834.jpg 0 2 0 0
2835.jpg 1 2 0 1
2836.jpg 0 2 0 0
2837.jpg 0 2 0 0
2838.jpg 0 2 0 1
2839.jpg 0 2 0 1
2840.jpg 0 2 0 0
2841.jpg 0 2 0 0
2842.jpg 0 2 0 0
2843.jpg 1 2 0 1
2844.jpg 0 2 0 1
2845.jpg 0 2 0 0
2846.jpg 0 2 0 0
2847.jpg 0 2 0 0
2848.jpg 0 2 0 0
2849.jpg 0 2 0 0
2850.jpg 0 2 0 0
2851.jpg 0 2 0 1
2852.jpg 0 2 0 1
2853.jpg 0 2 0 0
2854.jpg 0 2 0 1
2855.jpg 0 2 0 0
2856.jpg 0 2 0 0
2857.jpg 0 2 0 0
2858.jpg 0 2 0 1
2859.jpg 0 2 0 1
2860.jpg 0 2 0 0
2861.jpg 0 2 0 0
2862.jpg 0 2 0 1
2863.jpg 0 2 0 1
2864.jpg 0 2 0 0
2865.jpg 0 2 0 1
2866.jpg 0 2 0 1
2867.jpg 0 2 0 1
2868.jpg 0 2 0 0
2869.jpg 0 2 0 0
2870.jpg 0 2 0 1
2871.jpg 0 2 0 1
2872.jpg 0 2 0 0
2873.jpg 0 2 0 0
2874.jpg 0 2 0 1
2875.jpg 0 2 0 1
2876.jpg 0 2 0 0
2877.jpg 0 2 0 0
2878.jpg 0 2 0 0
2879.jpg 0 2 0 1
2880.jpg 0 2 0 0
2881.jpg 0 2 0 0
2882.jpg 0 2 0 0
2883.jpg 0 2 0 0
2884.jpg 0 2 0 1
2885.jpg 0 2 0 0
2886.jpg 0 2 0 0
2887.jpg 0 2 0 0
2888.jpg 0 2 0 0
2889.jpg 0 2 0 1
2890.jpg 0 2 0 0
2891.jpg 1 2 0 1
2892.jpg 0 2 0 1
2893.jpg 0 2 0 1
2894.jpg 0 2 0 0
2895.jpg 0 2 0 0
2896.jpg 1 2 0 1
2897.jpg 0 2 0 0
2898.jpg 0 2 0 0
2899.jpg 0 2 0 0
2900.jpg 0 2 0 0
2901.jpg 0 2 0 1
2902.jpg 0 2 0 0
2903.jpg 0 2 0 0
2904.jpg 0 2 0 1
2905.jpg 0 2 0 0
2906.jpg 0 2 0 0
2907.jpg 0 2 0 1
2908.jpg 0 2 0 0
2909.jpg 0 2 0 0
2910.jpg 0 2 0 1
2911.jpg 0 2 0 1
2912.jpg 0 2 0 0
2913.jpg 0 2 0 0
2914.jpg 0 2 0 1
2915.jpg 0 2 0 1
2916.jpg 0 2 0 0
2917.jpg 0 2 0 0
2918.jpg 0 2 0 0
2919.jpg 0 2 0 1
2920.jpg 0 2 0 0
2921.jpg 0 2 0 0
2922.jpg 1 2 1 0
2923.jpg 1 2 1 0
2924.jpg 1 2 1 1
2925.jpg 1 2 1 0
2926.jpg 1 2 1 0
2927.jpg 1 2 0 1
2928.jpg 1 2 0 1
2929.jpg 1 2 0 1
2930.jpg 1 2 0 1
2931.jpg 1 2 0 0
2932.jpg 1 2 0 1
2933.jpg 1 2 0 1
2934.jpg 1 2 0 1
2935.jpg 1 2 0 1
2936.jpg 1 2 0 1
2937.jpg 1 2 0 1
2938.jpg 1 2 0 0
2939.jpg 1 2 0 1
2940.jpg 1 2 2 1
2941.jpg 1 2 0 1
2942.jpg 1 2 2 1
2943.jpg 1 2 2 1
2944.jpg 1 2 2 0
2945.jpg 0 2 0 0
2946.jpg 0 2 0 0
2947.jpg 0 2 0 0
2948.jpg 0 2 0 0
2949.jpg 0 2 0 0
2950.jpg 0 2 0 1
2951.jpg 0 2 0 0
2952.jpg 0 2 0 0
2953.jpg 0 2 0 1
2954.jpg 0 2 0 0
2955.jpg 0 2 0 0
2956.jpg 0 2 0 0
2957.jpg 0 2 0 0
2958.jpg 0 2 0 0
2959.jpg 0 2 0 1
2960.jpg 0 2 0 0
2961.jpg 0 2 0 0
2962.jpg 0 2 0 0
2963.jpg 0 2 0 0
2964.jpg 0 2 0 0
2965.jpg 1 2 0 0
2966.jpg 0 2 0 0
2967.jpg 0 2 0 0
2968.jpg 0 2 0 0
2969.jpg 0 2 0 0
2970.jpg 0 2 0 0
2971.jpg 0 2 0 0
2972.jpg 0 2 0 0
2973.jpg 0 2 0 0
2974.jpg 0 2 0 0
2975.jpg 0 2 0 1
2976.jpg 0 2 0 1
2977.jpg 0 2 0 0
2978.jpg 1 2 0 0
2979.jpg 0 2 0 0
2980.jpg 0 2 0 0
2981.jpg 0 2 0 0
2982.jpg 0 2 0 0
2983.jpg 0 2 0 0
2984.jpg 0 2 0 1
2985.jpg 0 2 0 1
2986.jpg 0 2 0 0
2987.jpg 0 2 0 1
2988.jpg 0 2 0 0
2989.jpg 0 2 0 0
2990.jpg 0 2 0 0
2991.jpg 0 2 0 1
2992.jpg 0 2 0 0
2993.jpg 0 2 0 1
2994.jpg 0 2 0 1
2995.jpg 0 2 0 1
2996.jpg 0 2 0 0
2997.jpg 0 2 0 0
2998.jpg 0 2 0 0
2999.jpg 0 2 0 1
3000.jpg 0 2 0 0
3001.jpg 0 2 0 0
3002.jpg 0 2 0 1
3003.jpg 0 2 0 0
3004.jpg 0 2 0 0
3005.jpg 0 2 0 0
3006.jpg 0 2 0 0
3007.jpg 0 2 0 0
3008.jpg 0 2 0 0
3009.jpg 1 2 0 0
3010.jpg 0 2 0 1
3011.jpg 0 2 0 0
3012.jpg 0 2 0 0
3013.jpg 0 2 0 0
3014.jpg 0 2 0 0
3015.jpg 0 2 0 0
3016.jpg 0 2 0 0
3017.jpg 0 2 0 0
3018.jpg 0 2 0 1
3019.jpg 0 2 0 0
3020.jpg 0 2 0 0
3021.jpg 0 2 0 0
3022.jpg 0 2 0 0
3023.jpg 0 2 0 0
3024.jpg 0 2 0 0
3025.jpg 0 2 0 0
3026.jpg 0 2 0 0
3027.jpg 0 2 0 1
3028.jpg 0 2 0 0
3029.jpg 0 2 0 0
3030.jpg 0 2 0 0
3031.jpg 0 2 0 0
3032.jpg 0 2 0 0
3033.jpg 1 2 0 1
3034.jpg 0 2 0 1
3035.jpg 0 2 0 0
3036.jpg 0 2 0 0
3037.jpg 0 2 0 0
3038.jpg 0 2 0 0
3039.jpg 0 2 0 0
3040.jpg 0 2 0 0
3041.jpg 0 2 0 1
3042.jpg 0 2 0 0
3043.jpg 0 2 0 0
3044.jpg 0 2 0 1
3045.jpg 0 2 0 0
3046.jpg 0 2 0 1
3047.jpg 0 2 0 1
3048.jpg 0 2 0 1
3049.jpg 0 2 0 0
3050.jpg 0 2 1 0
3051.jpg 0 2 1 0
3052.jpg 0 2 2 0
3053.jpg 0 2 2 0
3054.jpg 0 2 2 0
3055.jpg 0 2 0 0
3056.jpg 0 2 2 0
3057.jpg 0 2 2 0
3058.jpg 0 2 0 1
3059.jpg 0 2 2 0
3060.jpg 0 2 2 1
3061.jpg 0 2 2 0
3062.jpg 0 2 2 0
3063.jpg 0 2 2 0
3064.jpg 0 2 2 1
3065.jpg 1 2 0 0
3066.jpg 1 2 0 1
3067.jpg 1 2 0 1
3068.jpg 1 2 0 0
3069.jpg 1 2 0 1
3070.jpg 1 2 0 0
3071.jpg 1 2 0 0
3072.jpg 1 2 0 0
3073.jpg 1 2 0 0
3074.jpg 1 2 0 0
3075.jpg 1 2 0 1
3076.jpg 1 2 0 0
3077.jpg 1 2 0 0
3078.jpg 1 2 0 1
3079.jpg 1 2 0 0
3080.jpg 1 2 0 0
3081.jpg 1 2 0 0
3082.jpg 1 2 0 0
3083.jpg 1 2 0 0
3084.jpg 1 2 0 1
3085.jpg 1 2 0 1
3086.jpg 1 2 0 0
3087.jpg 1 2 0 1
3088.jpg 1 2 0 1
3089.jpg 1 2 0 0
3090.jpg 1 2 0 0
3091.jpg 1 2 0 1
3092.jpg 1 2 0 1
3093.jpg 1 2 0 0
3094.jpg 1 2 0 0
3095.jpg 1 2 0 1
3096.jpg 1 2 0 0
3097.jpg 1 2 0 0
3098.jpg 1 2 0 1
3099.jpg 1 2 0 0
3100.jpg 1 2 0 0
3101.jpg 1 2 0 0
3102.jpg 1 2 0 0
3103.jpg 1 3 0 0
3104.jpg 1 3 0 0
3105.jpg 1 3 0 0
3106.jpg 1 2 0 0
3107.jpg 1 2 0 0
3108.jpg 1 2 0 0
3109.jpg 1 2 0 1
3110.jpg 1 2 0 0
3111.jpg 1 2 0 1
3112.jpg 1 2 0 0
3113.jpg 1 2 0 1
3114.jpg 1 2 0 0
3115.jpg 1 2 0 0
3116.jpg 1 2 0 1
3117.jpg 1 2 0 1
3118.jpg 1 2 0 1
3119.jpg 1 2 0 1
3120.jpg 1 2 0 1
3121.jpg 1 2 0 1
3122.jpg 1 2 0 1
3123.jpg 1 2 0 0
3124.jpg 1 2 0 1
3125.jpg 1 2 0 1
3126.jpg 1 2 0 0
3127.jpg 1 2 0 0
3128.jpg 1 2 0 1
3129.jpg 1 2 0 1
3130.jpg 1 2 0 1
3131.jpg 1 2 0 1
3132.jpg 1 2 0 1
3133.jpg 1 2 0 1
3134.jpg 1 2 0 1
3135.jpg 1 2 0 0
3136.jpg 1 2 0 1
3137.jpg 1 2 0 1
3138.jpg 1 2 0 1
3139.jpg 1 2 0 0
3140.jpg 1 2 0 0
3141.jpg 1 2 1 1
3142.jpg 1 2 1 0
3143.jpg 1 2 1 1
3144.jpg 1 2 1 1
3145.jpg 1 2 0 0
3146.jpg 1 2 0 0
3147.jpg 1 2 0 0
3148.jpg 1 2 0 0
3149.jpg 1 2 2 1
3150.jpg 0 2 0 1
3151.jpg 0 2 0 1
3152.jpg 0 2 0 0
3153.jpg 0 2 0 0
3154.jpg 0 2 0 0
3155.jpg 0 3 0 0
3156.jpg 0 2 0 0
3157.jpg 0 2 0 0
3158.jpg 0 3 0 0
3159.jpg 0 2 1 1
3160.jpg 0 2 0 1
3161.jpg 0 3 0 0
3162.jpg 0 2 0 1
3163.jpg 0 2 0 1
3164.jpg 0 3 0 0
3165.jpg 0 3 0 0
3166.jpg 0 3 0 0
3167.jpg 0 3 0 0
3168.jpg 0 3 0 0
3169.jpg 0 3 0 0
3170.jpg 0 3 0 0
3171.jpg 0 3 0 0
3172.jpg 0 2 0 0
3173.jpg 0 3 0 0
3174.jpg 0 2 0 0
3175.jpg 0 3 0 0
3176.jpg 0 3 0 0
3177.jpg 0 3 0 0
3178.jpg 0 2 0 0
3179.jpg 0 2 0 1
3180.jpg 0 3 0 1
3181.jpg 0 3 0 0
3182.jpg 0 3 0 0
3183.jpg 0 3 0 0
3184.jpg 0 2 0 0
3185.jpg 0 3 0 1
3186.jpg 0 3 0 1
3187.jpg 0 3 0 0
3188.jpg 0 3 0 0
3189.jpg 0 3 0 1
3190.jpg 0 3 0 1
3191.jpg 0 3 0 1
3192.jpg 0 3 0 0
3193.jpg 0 3 0 0
3194.jpg 0 3 0 1
3195.jpg 0 3 0 0
3196.jpg 0 3 0 0
3197.jpg 0 3 0 0
3198.jpg 0 3 0 1
3199.jpg 0 3 0 1
3200.jpg 0 3 0 1
3201.jpg 0 3 0 1
3202.jpg 0 3 0 0
3203.jpg 0 3 0 1
3204.jpg 0 3 0 1
3205.jpg 0 3 0 1
3206.jpg 0 3 0 0
3207.jpg 0 3 0 1
3208.jpg 0 3 0 1
3209.jpg 0 3 0 0
3210.jpg 0 2 0 1
3211.jpg 0 2 0 0
3212.jpg 0 2 0 1
3213.jpg 0 2 0 1
3214.jpg 0 3 0 1
3215.jpg 0 3 0 0
3216.jpg 0 2 0 1
3217.jpg 0 3 0 1
3218.jpg 0 3 0 1
3219.jpg 0 3 0 0
3220.jpg 0 2 1 1
3221.jpg 0 3 0 0
3222.jpg 0 3 2 1
3223.jpg 0 3 2 0
3224.jpg 0 2 2 0
3225.jpg 1 3 0 0
3226.jpg 1 3 0 1
3227.jpg 1 3 0 1
3228.jpg 1 3 0 1
3229.jpg 1 3 0 0
3230.jpg 1 3 0 0
3231.jpg 1 3 0 1
3232.jpg 1 3 0 1
3233.jpg 1 3 0 0
3234.jpg 1 3 0 0
3235.jpg 1 3 0 1
3236.jpg 1 3 0 1
3237.jpg 1 3 0 1
3238.jpg 1 3 0 1
3239.jpg 1 3 0 1
3240.jpg 1 3 0 1
3241.jpg 1 3 0 0
3242.jpg 1 3 0 0
3243.jpg 1 3 0 1
3244.jpg 1 3 0 1
3245.jpg 1 3 0 0
3246.jpg 1 3 0 1
3247.jpg 1 3 0 0
3248.jpg 1 3 0 0
3249.jpg 1 3 0 1
3250.jpg 1 3 0 0
3251.jpg 1 3 0 0
3252.jpg 1 3 0 1
3253.jpg 1 2 2 0
3254.jpg 1 2 2 1
3255.jpg 1 3 2 0
3256.jpg 1 3 2 0
3257.jpg 1 3 2 0
3258.jpg 0 3 0 1
3259.jpg 0 3 0 0
3260.jpg 0 3 0 0
3261.jpg 0 2 0 1
3262.jpg 0 3 0 0
3263.jpg 0 3 0 0
3264.jpg 0 3 0 1
3265.jpg 0 3 0 1
3266.jpg 0 3 0 0
3267.jpg 0 3 0 1
3268.jpg 0 3 0 1
3269.jpg 1 3 0 0
3270.jpg 0 3 0 1
3271.jpg 0 3 0 0
3272.jpg 0 3 0 0
3273.jpg 0 3 0 1
3274.jpg 0 3 0 1
3275.jpg 0 3 0 0
3276.jpg 0 3 0 0
3277.jpg 0 3 0 1
3278.jpg 0 3 0 0
3279.jpg 0 3 0 0
3280.jpg 0 3 0 1
3281.jpg 1 3 0 1
3282.jpg 0 3 0 0
3284.jpg 0 3 0 1
3285.jpg 0 3 0 1
3286.jpg 0 3 0 1
3287.jpg 0 3 0 0
3288.jpg 0 3 0 1
3289.jpg 0 3 0 1
3290.jpg 0 3 0 0
3291.jpg 0 3 0 0
3292.jpg 0 3 0 0
3293.jpg 0 3 0 0
3294.jpg 0 3 0 0
3295.jpg 0 3 0 1
3296.jpg 0 3 0 1
3297.jpg 0 3 0 1
3298.jpg 1 3 0 1
3299.jpg 0 3 0 0
3300.jpg 0 3 0 0
3301.jpg 0 3 0 0
3302.jpg 0 3 0 1
3303.jpg 0 3 0 0
3304.jpg 0 3 0 1
3305.jpg 0 3 0 0
3306.jpg 0 3 0 0
3307.jpg 0 3 0 1
3308.jpg 0 3 0 0
3309.jpg 0 3 0 1
3310.jpg 0 3 0 1
3311.jpg 0 3 0 1
3312.jpg 0 3 0 0
3313.jpg 0 3 0 0
3314.jpg 0 3 0 1
3315.jpg 0 3 0 1
3316.jpg 0 3 0 0
3317.jpg 0 3 0 1
3318.jpg 0 3 0 1
3319.jpg 0 3 0 0
3320.jpg 0 3 0 1
3321.jpg 0 3 0 0
3322.jpg 0 3 0 1
3323.jpg 0 3 0 0
3324.jpg 0 3 0 0
3325.jpg 0 3 0 1
3326.jpg 0 3 0 1
3327.jpg 0 3 0 0
3328.jpg 0 3 0 0
3329.jpg 0 0 0 1
3330.jpg 1 0 0 1
3331.jpg 0 2 0 1
3332.jpg 0 1 0 0
3333.jpg 1 2 0 1
3334.jpg 1 2 0 1
3335.jpg 0 2 0 1
3336.jpg 0 2 0 1
3337.jpg 0 2 0 0
3338.jpg 0 2 0 0
3339.jpg 0 2 0 1
3340.jpg 1 2 0 1
3341.jpg 1 2 0 1
3342.jpg 1 2 0 1
3343.jpg 1 2 0 1
3344.jpg 1 2 0 1
3345.jpg 1 2 2 1
3346.jpg 1 2 2 0
3347.jpg 1 2 0 1
3348.jpg 1 2 0 0
3349.jpg 0 2 0 0
3350.jpg 0 2 0 0
3351.jpg 1 2 0 1
3352.jpg 1 2 0 0
3353.jpg 1 1 0 1
3354.jpg 1 2 0 0
3355.jpg 0 2 0 0
3356.jpg 0 2 0 1
3357.jpg 0 2 0 1
3358.jpg 0 2 0 0
3359.jpg 1 2 0 1
3360.jpg 1 2 0 0
3361.jpg 1 1 0 1
3362.jpg 1 0 0 1
3363.jpg 1 2 0 1
3364.jpg 1 2 0 1
3365.jpg 1 2 0 1
3366.jpg 1 2 0 1
3367.jpg 1 2 0 1
3368.jpg 1 2 0 1
3369.jpg 1 2 0 1
3370.jpg 1 2 0 1
3371.jpg 1 2 0 1
3372.jpg 1 2 0 1
3373.jpg 1 2 0 1
3374.jpg 1 2 0 1
3375.jpg 0 2 0 1
3376.jpg 0 2 0 0
3377.jpg 0 2 0 0
3378.jpg 0 2 0 1
3379.jpg 0 2 0 1
3380.jpg 0 2 0 1
3381.jpg 0 2 0 1
3382.jpg 0 2 0 0
3383.jpg 0 2 0 0
3384.jpg 0 2 0 1
3385.jpg 0 2 0 0
3386.jpg 0 2 0 1
3387.jpg 0 2 0 1
3388.jpg 0 2 0 1
3389.jpg 0 2 0 0
3390.jpg 0 2 0 1
3391.jpg 0 2 0 1
3392.jpg 0 2 0 1
3393.jpg 0 2 0 1
3394.jpg 0 2 0 0
3395.jpg 0 2 0 0
3396.jpg 0 2 0 0
3397.jpg 0 2 0 1
3398.jpg 0 2 0 0
3399.jpg 0 2 0 0
3400.jpg 0 2 0 1
3401.jpg 0 2 0 1
3402.jpg 0 2 0 0
3403.jpg 0 2 0 0
3404.jpg 0 2 0 0
3405.jpg 0 2 0 0
3406.jpg 0 2 0 0
3407.jpg 0 2 0 0
3408.jpg 0 2 0 0
3409.jpg 0 2 0 0
3410.jpg 0 2 0 1
3411.jpg 0 2 0 1
3412.jpg 0 2 0 0
3413.jpg 0 2 0 0
3414.jpg 0 2 0 0
3415.jpg 0 2 0 0
3416.jpg 0 2 0 0
3417.jpg 0 2 0 1
3418.jpg 0 2 0 0
3419.jpg 0 2 0 0
3420.jpg 0 2 0 1
3421.jpg 0 2 0 0
3422.jpg 0 2 0 0
3423.jpg 1 2 0 1
3424.jpg 1 2 0 0
3425.jpg 1 2 0 0
3426.jpg 1 2 0 0
3427.jpg 1 2 0 0
3428.jpg 1 2 0 1
3429.jpg 1 2 0 0
3430.jpg 1 2 0 1
3431.jpg 1 2 0 1
3432.jpg 1 2 0 1
3433.jpg 1 2 0 1
3434.jpg 1 2 0 0
3435.jpg 1 2 0 0
3436.jpg 1 2 0 1
3437.jpg 1 2 0 1
3438.jpg 1 2 0 0
3439.jpg 1 2 0 1
3440.jpg 1 2 0 1
3441.jpg 1 2 0 0
3442.jpg 1 2 0 1
3443.jpg 1 2 0 0
3444.jpg 1 2 0 1
3445.jpg 1 2 0 1
3446.jpg 1 2 0 0
3447.jpg 1 2 0 0
3448.jpg 1 2 0 0
3449.jpg 1 2 0 0
3450.jpg 1 2 0 0
3451.jpg 1 2 0 1
3452.jpg 1 2 0 1
3453.jpg 1 2 0 0
3454.jpg 1 2 0 0
3455.jpg 1 2 0 1
3456.jpg 1 2 0 1
3457.jpg 1 2 0 1
3458.jpg 1 2 0 1
3459.jpg 1 2 0 1
3460.jpg 1 2 0 1
3461.jpg 1 2 0 1
3462.jpg 1 2 0 1
3463.jpg 1 2 0 1
3464.jpg 1 2 0 1
3465.jpg 0 2 2 1
3466.jpg 0 2 2 0
3467.jpg 0 2 2 1
3468.jpg 0 2 2 0
3469.jpg 0 2 2 1
3470.jpg 0 2 2 0
3471.jpg 0 2 2 0
3472.jpg 0 2 2 0
3473.jpg 0 2 2 1
3474.jpg 0 2 2 0
3475.jpg 0 2 2 0
3476.jpg 0 2 2 0
3477.jpg 0 2 2 0
3478.jpg 0 2 2 0
3479.jpg 0 2 2 0
3480.jpg 0 2 2 1
3481.jpg 0 2 2 1
3482.jpg 0 2 2 0
3483.jpg 0 2 2 1
3484.jpg 0 2 2 1
3485.jpg 0 2 2 0
3486.jpg 0 2 2 0
3487.jpg 1 2 0 0
3488.jpg 0 2 0 1
3489.jpg 0 2 2 1
3490.jpg 0 2 2 0
3491.jpg 0 2 2 0
3492.jpg 0 2 2 1
3493.jpg 0 2 2 1
3494.jpg 0 2 2 0
3495.jpg 1 2 0 1
3496.jpg 1 2 0 1
3497.jpg 1 2 0 1
3498.jpg 1 2 0 0
3499.jpg 1 2 0 0
3500.jpg 1 2 0 0
3501.jpg 1 2 0 0
3502.jpg 1 2 0 0
3503.jpg 1 2 0 0
3504.jpg 1 2 0 1
3505.jpg 1 2 0 1
3506.jpg 1 2 0 1
3507.jpg 1 2 0 1
3508.jpg 1 2 0 1
3509.jpg 1 2 0 1
3510.jpg 1 2 0 1
3511.jpg 1 2 0 1
3512.jpg 1 2 0 1
3513.jpg 1 2 0 1
3514.jpg 1 2 0 1
3515.jpg 1 2 0 1
3516.jpg 1 2 0 1
3517.jpg 1 2 0 0
3518.jpg 1 2 0 0
3519.jpg 1 2 0 1
3520.jpg 1 2 0 1
3521.jpg 1 2 0 0
3522.jpg 1 2 0 1
3523.jpg 1 2 0 1
3524.jpg 1 2 0 1
3525.jpg 1 2 0 1
3526.jpg 1 2 0 1
3527.jpg 1 2 0 1
3528.jpg 1 2 0 1
3529.jpg 1 2 0 1
3530.jpg 1 2 0 1
3531.jpg 1 2 0 1
3532.jpg 1 2 0 1
3533.jpg 1 2 0 1
3534.jpg 1 2 0 1
3535.jpg 1 2 0 1
3536.jpg 1 2 0 1
3537.jpg 1 2 0 0
3538.jpg 1 2 0 1
3539.jpg 1 2 0 1
3540.jpg 1 2 0 1
3541.jpg 1 2 0 1
3542.jpg 1 2 0 1
3543.jpg 1 2 0 0
3544.jpg 1 2 0 0
3545.jpg 1 2 0 1
3546.jpg 1 2 0 1
3547.jpg 1 2 0 1
3548.jpg 1 2 0 0
3549.jpg 1 2 0 0
3550.jpg 1 2 0 1
3551.jpg 1 2 0 0
3552.jpg 1 2 0 0
3553.jpg 1 2 0 0
3554.jpg 1 2 0 1
3555.jpg 1 2 0 0
3556.jpg 1 2 0 1
3557.jpg 1 2 0 0
3558.jpg 1 2 0 0
3559.jpg 1 2 0 1
3560.jpg 1 2 0 1
3561.jpg 1 2 0 1
3562.jpg 1 2 0 0
3563.jpg 1 2 0 0
3564.jpg 1 2 0 0
3565.jpg 1 2 0 0
3566.jpg 1 2 0 1
3567.jpg 1 2 0 1
3568.jpg 1 2 0 0
3569.jpg 1 2 0 1
3570.jpg 1 2 0 1
3571.jpg 1 2 0 0
3572.jpg 1 2 0 0
3573.jpg 1 2 0 1
3574.jpg 1 2 0 0
3575.jpg 1 2 0 0
3576.jpg 1 2 0 0
3577.jpg 1 2 0 0
3578.jpg 1 2 0 0
3579.jpg 1 2 0 0
3580.jpg 1 2 0 0
3581.jpg 1 2 0 0
3582.jpg 1 2 0 1
3583.jpg 1 2 0 1
3584.jpg 1 2 0 1
3585.jpg 1 2 0 1
3586.jpg 1 2 0 0
3587.jpg 1 2 0 0
3588.jpg 1 2 0 0
3589.jpg 1 2 0 0
3590.jpg 1 2 0 0
3591.jpg 1 2 0 0
3592.jpg 1 2 0 0
3593.jpg 1 2 0 0
3594.jpg 1 2 0 0
3595.jpg 1 2 0 0
3596.jpg 1 2 0 0
3597.jpg 1 2 0 0
3598.jpg 1 2 0 1
3599.jpg 1 2 0 0
3600.jpg 1 2 0 0
3601.jpg 1 2 0 0
3602.jpg 1 2 0 1
3603.jpg 1 2 0 0
3604.jpg 1 2 0 0
3605.jpg 1 2 0 1
3606.jpg 1 2 0 1
3607.jpg 1 2 0 0
3608.jpg 1 2 0 0
3609.jpg 1 2 0 0
3610.jpg 1 2 0 1
3611.jpg 1 2 0 0
3612.jpg 1 2 0 0
3613.jpg 1 2 0 0
3614.jpg 1 2 0 0
3615.jpg 1 2 0 1
3616.jpg 1 2 0 0
3617.jpg 1 2 0 0
3618.jpg 1 2 0 0
3619.jpg 1 2 0 0
3620.jpg 1 2 0 1
3621.jpg 1 2 0 0
3622.jpg 1 2 0 0
3623.jpg 1 2 0 1
3624.jpg 1 2 0 1
3625.jpg 1 2 0 1
3626.jpg 1 2 0 0
3627.jpg 1 2 0 0
3628.jpg 1 2 0 1
3629.jpg 1 2 0 0
3630.jpg 1 2 0 0
3631.jpg 1 2 0 0
3632.jpg 1 2 0 0
3633.jpg 1 2 0 0
3634.jpg 1 2 0 0
3635.jpg 1 2 0 0
3636.jpg 1 2 0 0
3637.jpg 1 2 0 0
3638.jpg 1 2 0 0
3639.jpg 0 2 0 1
3640.jpg 0 2 0 1
3641.jpg 0 2 0 0
3642.jpg 0 2 0 0
3643.jpg 0 2 0 1
3644.jpg 0 2 0 1
3645.jpg 0 2 0 1
3646.jpg 0 2 0 1
3647.jpg 0 2 0 1
3648.jpg 0 2 0 1
3649.jpg 0 2 0 1
3650.jpg 0 2 0 0
3651.jpg 0 2 0 1
3652.jpg 0 2 0 0
3653.jpg 0 2 0 0
3654.jpg 0 2 0 0
3655.jpg 0 2 0 1
3656.jpg 0 2 0 0
3657.jpg 1 2 0 0
3658.jpg 0 2 0 0
3659.jpg 1 2 0 0
3660.jpg 0 2 0 1
3661.jpg 0 2 0 1
3662.jpg 0 2 0 1
3663.jpg 0 2 0 0
3664.jpg 0 2 0 0
3665.jpg 0 2 0 1
3666.jpg 0 2 0 0
3667.jpg 0 2 0 1
3668.jpg 0 2 0 0
3669.jpg 0 2 0 0
3670.jpg 0 2 0 1
3671.jpg 0 2 0 1
3672.jpg 0 2 0 1
3673.jpg 0 2 0 1
3674.jpg 0 2 0 0
3675.jpg 0 2 0 0
3676.jpg 0 2 0 1
3677.jpg 0 2 0 0
3678.jpg 0 2 0 1
3679.jpg 0 2 0 1
3680.jpg 0 2 0 0
3681.jpg 0 2 0 0
3682.jpg 0 2 0 0
3683.jpg 0 2 0 0
3684.jpg 0 2 0 0
3685.jpg 0 2 0 0
3686.jpg 1 2 0 1
3687.jpg 0 2 0 0
3688.jpg 0 2 0 1
3689.jpg 1 2 0 0
3690.jpg 0 2 0 0
3691.jpg 0 2 0 0
3692.jpg 1 2 0 0
3693.jpg 0 2 0 0
3694.jpg 0 2 0 1
3695.jpg 0 2 0 0
3696.jpg 0 2 0 1
3697.jpg 1 2 0 1
3698.jpg 0 2 0 1
3699.jpg 0 2 0 0
3700.jpg 0 2 0 1
3701.jpg 1 2 0 0
3702.jpg 1 2 0 0
3703.jpg 1 2 0 0
3704.jpg 1 2 0 1
3705.jpg 1 2 0 0
3706.jpg 1 2 0 1
3707.jpg 1 2 0 1
3708.jpg 1 2 0 0
3709.jpg 1 2 0 0
3710.jpg 1 2 0 1
3711.jpg 1 2 0 0
3712.jpg 1 2 0 0
3713.jpg 1 2 0 0
3714.jpg 1 2 0 1
3715.jpg 1 2 0 1
3716.jpg 1 2 0 0
3717.jpg 1 2 0 1
3718.jpg 1 2 0 0
3719.jpg 1 2 0 0
3720.jpg 1 2 0 1
3721.jpg 1 2 0 1
3722.jpg 1 2 0 1
3723.jpg 1 2 0 0
3724.jpg 1 2 0 0
3725.jpg 1 2 0 0
3726.jpg 1 2 0 0
3727.jpg 1 2 0 1
3728.jpg 1 2 0 1
3729.jpg 1 2 0 0
3730.jpg 1 2 0 0
3731.jpg 1 2 0 0
3732.jpg 1 2 0 1
3733.jpg 1 2 0 1
3734.jpg 1 2 0 1
3735.jpg 1 2 0 0
3736.jpg 1 2 0 1
3737.jpg 1 2 0 1
3738.jpg 1 2 0 1
3739.jpg 1 2 0 1
3740.jpg 1 2 0 1
3741.jpg 1 2 0 1
3742.jpg 1 2 0 1
3743.jpg 1 2 0 0
3744.jpg 1 2 0 0
3745.jpg 1 2 0 1
3746.jpg 1 2 0 1
3747.jpg 1 2 0 1
3748.jpg 1 2 0 1
3749.jpg 1 2 0 0
3750.jpg 1 2 0 1
3751.jpg 1 2 0 1
3752.jpg 1 2 0 0
3753.jpg 1 2 0 0
3754.jpg 1 2 0 0
3755.jpg 1 2 0 1
3756.jpg 1 2 0 0
3757.jpg 1 2 0 0
3758.jpg 1 2 0 1
3759.jpg 1 2 0 1
3760.jpg 1 2 0 1
3761.jpg 1 2 0 0
3762.jpg 1 2 0 0
3763.jpg 1 2 0 0
3764.jpg 1 2 0 1
3765.jpg 1 2 0 0
3766.jpg 1 2 0 0
3767.jpg 1 2 0 0
3768.jpg 1 2 0 1
3769.jpg 1 2 0 1
3770.jpg 1 2 0 1
3771.jpg 1 2 0 1
3772.jpg 1 2 0 1
3773.jpg 1 2 0 0
3774.jpg 1 2 0 0
3775.jpg 1 2 0 1
3776.jpg 1 2 0 1
3777.jpg 1 2 0 0
3778.jpg 1 2 0 0
3779.jpg 1 2 0 1
3780.jpg 1 2 0 0
3781.jpg 1 2 0 0
3782.jpg 1 2 0 0
3783.jpg 1 2 0 1
3784.jpg 1 2 0 0
3785.jpg 1 2 0 1
3786.jpg 1 2 0 1
3787.jpg 1 2 0 1
3788.jpg 1 2 0 0
3789.jpg 1 2 0 1
3790.jpg 1 2 0 0
3791.jpg 1 2 0 0
3792.jpg 1 2 0 1
3793.jpg 1 2 0 1
3794.jpg 1 2 0 0
3795.jpg 1 2 0 0
3796.jpg 1 2 0 0
3797.jpg 1 2 0 0
3798.jpg 1 2 0 1
3799.jpg 1 2 0 0
3800.jpg 1 2 0 1
3801.jpg 1 2 0 1
3802.jpg 1 2 0 1
3803.jpg 1 2 0 0
3804.jpg 1 2 0 0
3805.jpg 1 2 0 1
3806.jpg 1 2 0 0
3807.jpg 1 2 0 0
3808.jpg 1 2 0 0
3809.jpg 1 2 0 1
3810.jpg 1 2 0 1
3811.jpg 1 2 0 0
3812.jpg 1 2 0 0
3813.jpg 1 2 0 0
3814.jpg 1 2 0 0
3815.jpg 1 2 0 1
3816.jpg 1 2 0 0
3817.jpg 1 2 0 0
3818.jpg 1 2 0 1
3819.jpg 1 2 0 0
3820.jpg 1 2 0 0
3821.jpg 1 2 0 0
3822.jpg 1 2 0 1
3823.jpg 1 2 0 1
3824.jpg 1 2 0 1
3825.jpg 1 2 0 0
3826.jpg 1 2 0 1
3827.jpg 1 2 0 1
3828.jpg 1 2 0 1
3829.jpg 1 2 0 0
3830.jpg 1 2 0 1
3831.jpg 1 2 0 0
3832.jpg 1 2 0 1
3833.jpg 1 2 0 1
3834.jpg 1 2 0 0
3835.jpg 1 2 0 1
3836.jpg 1 2 0 0
3837.jpg 1 2 0 0
3838.jpg 0 2 2 0
3839.jpg 0 2 2 1
3840.jpg 0 2 2 0
3841.jpg 0 2 2 0
3842.jpg 0 2 2 0
3843.jpg 0 2 2 1
3844.jpg 0 2 2 0
3845.jpg 0 2 2 0
3846.jpg 0 2 2 0
3847.jpg 0 2 2 1
3848.jpg 0 2 2 1
3849.jpg 0 2 2 1
3850.jpg 0 2 2 1
3851.jpg 0 2 2 1
3852.jpg 0 2 2 1
3853.jpg 0 2 2 1
3854.jpg 0 2 2 1
3855.jpg 0 2 2 1
3856.jpg 0 2 2 1
3857.jpg 0 2 2 1
3858.jpg 0 2 2 1
3859.jpg 0 2 2 1
3863.jpg 0 2 2 1
3864.jpg 0 2 2 1
3865.jpg 0 2 2 1
3866.jpg 0 2 2 1
3867.jpg 0 2 2 1
3868.jpg 0 2 2 1
3869.jpg 0 2 2 1
3870.jpg 0 2 2 1
3871.jpg 0 2 2 1
3872.jpg 0 2 2 1
3873.jpg 0 2 2 1
3874.jpg 0 2 2 1
3875.jpg 0 2 2 1
3876.jpg 0 2 2 1
3877.jpg 0 2 2 1
3878.jpg 0 2 2 1
3879.jpg 0 2 2 1
3880.jpg 1 2 0 1
3881.jpg 1 2 0 1
3882.jpg 1 2 0 1
3884.jpg 0 2 2 1
3885.jpg 0 2 2 1
3886.jpg 0 2 2 1
3887.jpg 0 2 2 1
3888.jpg 0 2 2 1
3889.jpg 0 2 2 1
3890.jpg 0 2 2 0
3891.jpg 0 2 2 1
3892.jpg 0 2 2 1
3893.jpg 0 2 2 0
3894.jpg 0 2 2 1
3895.jpg 0 2 2 1
3896.jpg 0 2 2 1
3897.jpg 0 2 2 1
3898.jpg 0 2 2 1
3899.jpg 0 2 2 1
3900.jpg 0 2 2 1
3901.jpg 0 2 2 1
3902.jpg 0 2 2 1
3903.jpg 0 2 2 0
3904.jpg 0 2 2 0
3905.jpg 0 2 2 1
3906.jpg 0 2 2 1
3907.jpg 0 2 2 1
3908.jpg 0 2 2 1
3909.jpg 0 2 2 1
3910.jpg 0 2 2 1
3911.jpg 0 2 2 1
3912.jpg 0 2 2 1
3913.jpg 0 2 2 0
3914.jpg 0 2 2 0
3915.jpg 0 2 2 0
3916.jpg 0 2 2 0
3917.jpg 0 2 2 1
3918.jpg 0 2 2 1
3919.jpg 0 2 2 1
3920.jpg 0 2 2 1
3921.jpg 0 2 2 1
3922.jpg 0 2 2 1
3923.jpg 0 2 2 1
3924.jpg 0 2 2 1
3925.jpg 0 2 2 1
3926.jpg 0 2 2 1
3927.jpg 0 2 2 1
3928.jpg 0 2 2 0
3929.jpg 0 2 2 0
3930.jpg 0 2 2 0
3931.jpg 0 2 2 1
3932.jpg 0 2 2 0
3933.jpg 0 2 2 0
3934.jpg 0 2 2 1
3935.jpg 0 2 2 1
3936.jpg 0 2 2 1
3937.jpg 0 2 2 0
3938.jpg 0 2 2 0
3939.jpg 0 2 2 0
3940.jpg 0 2 2 1
3941.jpg 0 2 2 1
3942.jpg 0 2 2 1
3943.jpg 0 2 2 1
3944.jpg 0 2 2 1
3945.jpg 0 2 2 1
3946.jpg 0 2 2 1
3947.jpg 0 2 2 1
3948.jpg 0 2 2 1
3949.jpg 0 2 2 1
3950.jpg 0 2 2 0
3951.jpg 0 2 2 0
3952.jpg 0 2 2 0
3953.jpg 0 2 2 1
3954.jpg 0 2 2 0
3955.jpg 0 2 2 0
3956.jpg 0 2 2 1
3957.jpg 0 2 2 1
3958.jpg 0 2 2 1
3959.jpg 0 2 2 1
3960.jpg 0 2 2 1
3961.jpg 0 2 2 1
3962.jpg 0 2 2 1
3963.jpg 0 2 2 1
3964.jpg 0 2 2 1
3965.jpg 0 2 2 1
3966.jpg 0 2 2 0
3967.jpg 0 2 2 1
3968.jpg 0 2 2 1
3969.jpg 0 2 2 0
3970.jpg 0 2 2 1
3971.jpg 0 2 2 1
3972.jpg 0 2 2 1
3973.jpg 0 2 2 1
3974.jpg 0 2 2 1
3975.jpg 0 2 2 1
3976.jpg 0 2 2 1
3977.jpg 0 2 2 1
3978.jpg 0 2 2 1
3979.jpg 0 2 2 0
3980.jpg 0 2 2 0
3981.jpg 0 2 2 1
3982.jpg 0 2 2 1
3983.jpg 0 2 2 1
3984.jpg 0 2 2 0
3985.jpg 0 2 2 1
3986.jpg 0 2 2 1
3987.jpg 0 2 2 0
3988.jpg 0 2 2 0
3989.jpg 0 2 2 0
3990.jpg 0 2 2 0
3991.jpg 0 2 2 0
3992.jpg 0 2 2 1
3993.jpg 0 2 2 0
3994.jpg 0 2 2 1
3995.jpg 0 2 2 0
3996.jpg 0 2 2 1
3997.jpg 0 2 2 0
3998.jpg 0 2 2 1
3999.jpg 0 2 2 1
4000.jpg 0 2 2 0
4001.jpg 0 2 2 1
4002.jpg 0 2 2 0
4003.jpg 0 2 2 0
4004.jpg 0 2 2 1
4005.jpg 0 2 2 0
4006.jpg 0 2 2 1
4007.jpg 0 2 2 0
4008.jpg 0 2 2 1
4009.jpg 0 2 2 1
4010.jpg 0 2 2 1
4011.jpg 0 2 2 0
4012.jpg 0 2 2 0
4013.jpg 1 2 0 1
4014.jpg 1 2 0 1
4015.jpg 1 2 0 1
4016.jpg 1 2 0 1
4017.jpg 1 2 0 1
4018.jpg 1 2 0 1
4019.jpg 1 2 0 1
4020.jpg 1 2 0 1
4021.jpg 1 2 0 1
4022.jpg 1 2 0 1
4023.jpg 1 2 0 1
4024.jpg 1 2 0 1
4025.jpg 1 2 0 1
4026.jpg 1 2 0 1
4027.jpg 1 2 0 1
4028.jpg 1 2 0 1
4029.jpg 1 2 0 1
4030.jpg 1 2 0 1
4031.jpg 1 2 0 1
4032.jpg 1 2 0 0
4033.jpg 1 2 0 0
4034.jpg 1 2 0 0
4035.jpg 1 2 0 1
4036.jpg 1 2 0 0
4037.jpg 1 2 0 1
4038.jpg 1 2 0 1
4039.jpg 1 2 0 0
4040.jpg 1 2 0 1
4041.jpg 1 2 0 1
4042.jpg 1 2 0 0
4043.jpg 1 2 0 0
4044.jpg 1 2 0 1
4045.jpg 1 2 0 0
4046.jpg 1 2 0 1
4047.jpg 1 2 0 1
4048.jpg 1 2 0 0
4049.jpg 1 2 0 1
4050.jpg 1 2 0 1
4051.jpg 1 2 0 1
4052.jpg 1 2 0 1
4053.jpg 1 2 0 1
4054.jpg 1 2 0 1
4055.jpg 1 2 0 1
4057.jpg 1 2 0 1
4058.jpg 1 2 0 1
4059.jpg 1 2 0 1
4060.jpg 1 2 0 1
4061.jpg 1 2 0 1
4062.jpg 1 2 0 1
4063.jpg 1 2 0 1
4064.jpg 1 2 0 1
4065.jpg 1 2 0 1
4066.jpg 1 2 0 1
4067.jpg 1 2 0 1
4068.jpg 1 2 0 1
4069.jpg 1 2 0 1
4070.jpg 1 2 0 1
4071.jpg 1 2 0 1
4072.jpg 1 2 0 1
4073.jpg 0 2 0 0
4074.jpg 0 2 0 1
4075.jpg 1 2 0 1
4076.jpg 1 2 0 1
4077.jpg 1 2 0 1
4078.jpg 1 2 0 1
4079.jpg 1 2 0 1
4080.jpg 1 2 0 1
4081.jpg 1 2 0 1
4082.jpg 1 2 0 1
4083.jpg 1 2 0 1
4084.jpg 1 2 0 1
4085.jpg 1 2 0 1
4086.jpg 1 2 0 1
4087.jpg 1 2 0 1
4088.jpg 1 2 0 1
4089.jpg 1 2 0 1
4090.jpg 1 2 0 1
4091.jpg 1 2 0 1
4092.jpg 1 2 0 1
4093.jpg 1 2 0 1
4094.jpg 1 2 0 1
4095.jpg 1 2 0 1
4096.jpg 1 2 0 1
4097.jpg 1 2 0 1
4098.jpg 1 2 0 1
4099.jpg 1 2 0 1
4100.jpg 1 2 0 1
4101.jpg 1 2 0 1
4102.jpg 1 2 0 1
4103.jpg 1 2 0 1
4104.jpg 1 2 0 1
4105.jpg 1 2 0 1
4106.jpg 1 2 0 1
4107.jpg 1 2 0 1
4108.jpg 1 2 0 1
4109.jpg 1 2 0 1
4110.jpg 1 2 0 1
4111.jpg 1 2 0 1
4112.jpg 1 2 0 1
4113.jpg 1 2 0 1
4114.jpg 1 2 0 1
4115.jpg 1 2 0 1
4116.jpg 1 2 0 1
4117.jpg 1 2 0 1
4118.jpg 1 2 0 1
4119.jpg 1 2 0 1
4120.jpg 1 2 0 1
4121.jpg 1 2 0 1
4122.jpg 1 2 0 1
4123.jpg 1 2 0 1
4124.jpg 1 2 0 1
4126.jpg 1 2 0 1
4127.jpg 1 2 0 1
4128.jpg 1 2 0 1
4129.jpg 1 2 0 1
4130.jpg 1 2 0 1
4131.jpg 1 2 0 1
4132.jpg 1 2 0 1
4133.jpg 1 2 0 1
4134.jpg 1 2 0 1
4137.jpg 1 2 0 1
4138.jpg 1 2 0 1
4139.jpg 1 2 0 1
4140.jpg 1 2 0 1
4141.jpg 1 2 0 1
4142.jpg 1 2 0 1
4143.jpg 1 2 0 1
4144.jpg 1 2 0 1
4145.jpg 1 2 0 1
4147.jpg 1 2 0 1
4148.jpg 1 2 0 1
4149.jpg 1 2 0 1
4150.jpg 1 2 0 1
4151.jpg 1 2 0 1
4152.jpg 1 2 0 1
4153.jpg 1 2 0 1
4154.jpg 1 2 0 1
4155.jpg 1 2 0 1
4156.jpg 1 2 0 1
4157.jpg 1 2 0 0
4158.jpg 1 2 0 1
4159.jpg 1 2 0 1
4160.jpg 1 2 0 1
4161.jpg 1 2 0 1
4162.jpg 1 2 0 1
4163.jpg 1 2 0 1
4164.jpg 1 2 0 1
4165.jpg 1 2 0 1
4166.jpg 1 2 0 1
4167.jpg 1 2 0 1
4168.jpg 1 2 0 1
4169.jpg 1 2 0 1
4170.jpg 1 2 0 1
4171.jpg 1 2 0 1
4172.jpg 1 2 0 1
4173.jpg 1 2 0 1
4174.jpg 1 2 0 1
4175.jpg 1 2 0 1
4176.jpg 1 2 0 1
4177.jpg 1 2 0 1
4178.jpg 1 2 0 1
4179.jpg 1 2 0 0
4180.jpg 1 2 0 1
4181.jpg 1 2 0 1
4182.jpg 1 2 0 1
4183.jpg 1 2 0 0
4184.jpg 1 2 0 1
4185.jpg 1 2 0 0
4186.jpg 1 2 0 0
4187.jpg 1 2 0 0
4188.jpg 1 2 0 0
4189.jpg 1 2 0 0
4190.jpg 1 2 0 0
4191.jpg 1 2 0 1
4192.jpg 1 2 0 0
4193.jpg 1 2 0 0
4194.jpg 1 2 0 0
4195.jpg 1 2 0 0
4196.jpg 1 2 0 0
4197.jpg 1 2 0 0
4198.jpg 1 2 0 0
4199.jpg 1 2 0 0
4200.jpg 1 2 0 0
4201.jpg 1 2 0 0
4202.jpg 1 2 0 0
4203.jpg 1 2 0 0
4204.jpg 1 2 0 1
4205.jpg 1 2 0 0
4206.jpg 1 2 0 0
4207.jpg 1 2 0 0
4208.jpg 1 2 0 1
4209.jpg 1 2 0 0
4210.jpg 1 2 0 1
4211.jpg 1 2 0 0
4212.jpg 1 2 0 0
4213.jpg 1 2 0 0
4214.jpg 1 2 0 1
4215.jpg 1 2 0 0
4216.jpg 1 2 0 0
4217.jpg 1 2 0 1
4218.jpg 1 2 0 0
4219.jpg 1 2 0 1
4220.jpg 1 0 0 1
4221.jpg 1 0 0 0
4222.jpg 1 0 0 1
4223.jpg 1 0 0 0
4224.jpg 1 0 0 0
4225.jpg 1 0 0 1
4226.jpg 1 0 0 0
4227.jpg 1 0 0 0
4228.jpg 1 0 0 1
4229.jpg 1 1 1 0
4230.jpg 1 1 1 0
4231.jpg 1 2 0 0
4232.jpg 1 2 0 1
4233.jpg 1 2 0 0
4234.jpg 1 2 0 0
4235.jpg 1 2 0 1
4236.jpg 1 2 0 1
4238.jpg 0 1 0 0
4239.jpg 0 1 0 1
4240.jpg 0 1 0 1
4241.jpg 0 1 0 1
4242.jpg 0 1 0 0
4243.jpg 0 2 0 1
4244.jpg 0 2 0 0
4245.jpg 0 2 0 0
4246.jpg 0 2 0 1
4247.jpg 0 2 0 0
4248.jpg 0 2 0 1
4249.jpg 0 2 0 0
4250.jpg 0 2 0 0
4251.jpg 0 2 0 0
4252.jpg 0 2 0 1
4253.jpg 0 2 0 1
4254.jpg 0 2 0 0
4255.jpg 0 2 0 0
4256.jpg 0 2 0 1
4257.jpg 0 2 0 1
4258.jpg 0 2 0 0
4259.jpg 0 2 0 1
4260.jpg 0 2 0 0
4261.jpg 0 2 0 0
4262.jpg 0 2 0 1
4263.jpg 0 2 0 0
4264.jpg 0 2 0 0
4265.jpg 0 2 0 0
4266.jpg 0 2 0 1
4268.jpg 1 2 0 0
4269.jpg 1 2 0 0
4270.jpg 1 2 0 1
4271.jpg 1 2 0 0
4272.jpg 1 2 0 1
4273.jpg 1 2 0 1
4274.jpg 1 2 0 1
4275.jpg 1 2 0 0
4276.jpg 1 2 0 0
4277.jpg 1 2 0 1
4278.jpg 1 2 0 1
4279.jpg 1 2 0 0
4280.jpg 1 2 0 1
4281.jpg 1 2 0 0
4282.jpg 1 2 0 0
4283.jpg 1 2 0 0
4284.jpg 1 2 0 0
4285.jpg 1 2 0 1
4286.jpg 0 2 0 0
4287.jpg 1 2 0 1
4288.jpg 0 2 0 1
4290.jpg 1 2 0 1
4291.jpg 1 2 0 1
4292.jpg 1 2 0 1
4293.jpg 1 2 0 0
4294.jpg 1 2 0 1
4296.jpg 1 2 0 1
4297.jpg 1 2 0 1
4298.jpg 1 2 0 0
4299.jpg 1 2 0 1
4300.jpg 1 2 0 0
4301.jpg 1 2 0 1
4302.jpg 1 2 0 1
4303.jpg 1 2 0 1
4304.jpg 1 2 0 0
4305.jpg 1 2 0 1
4306.jpg 1 2 0 0
4307.jpg 1 2 0 1
4308.jpg 1 2 0 1
4309.jpg 1 2 0 1
4310.jpg 1 2 0 1
4311.jpg 1 2 0 0
4312.jpg 1 2 0 1
4313.jpg 1 2 0 0
4314.jpg 1 2 0 1
4315.jpg 1 2 0 1
4316.jpg 1 2 0 1
4317.jpg 1 2 0 0
4318.jpg 1 2 0 1
4319.jpg 1 2 0 0
4320.jpg 1 2 0 1
4321.jpg 1 2 0 0
4322.jpg 1 2 0 1
4323.jpg 1 2 0 0
4324.jpg 1 2 0 1
4325.jpg 1 2 0 1
4326.jpg 1 2 0 1
4327.jpg 1 2 0 0
4328.jpg 1 2 0 1
4329.jpg 1 2 0 1
4330.jpg 1 2 0 0
4331.jpg 1 2 0 1
4332.jpg 1 2 0 1
4333.jpg 1 2 0 0
4334.jpg 1 2 0 1
4336.jpg 1 2 1 0
4337.jpg 1 2 1 0
4338.jpg 1 2 1 0
4339.jpg 1 2 1 1
4340.jpg 1 2 1 1
4341.jpg 1 2 1 0
4342.jpg 1 2 2 1
4343.jpg 1 2 2 1
4344.jpg 1 2 2 0
4345.jpg 1 2 2 1
4346.jpg 1 2 2 1
4347.jpg 1 2 2 1
4348.jpg 1 2 2 0
4349.jpg 1 2 2 0
4350.jpg 1 2 0 0
4351.jpg 1 2 0 0
4352.jpg 1 2 2 0
4353.jpg 1 2 2 0
4360.jpg 0 2 0 1
4361.jpg 0 2 0 0
4362.jpg 0 2 0 0
4363.jpg 0 2 0 1
4364.jpg 0 2 0 1
4365.jpg 0 2 0 1
4366.jpg 0 2 0 1
4367.jpg 0 2 0 0
4368.jpg 0 2 0 1
4369.jpg 0 2 0 1
4370.jpg 0 2 0 0
4371.jpg 0 2 0 0
4372.jpg 0 2 0 1
4373.jpg 0 2 0 1
4374.jpg 0 2 0 0
4375.jpg 0 2 0 0
4376.jpg 0 2 0 0
4377.jpg 0 2 0 0
4378.jpg 0 2 0 1
4379.jpg 0 2 0 0
4380.jpg 0 2 0 0
4381.jpg 0 2 0 0
4382.jpg 0 2 0 1
4383.jpg 0 2 0 1
4384.jpg 0 2 0 1
4385.jpg 0 2 0 1
4386.jpg 0 2 0 0
4387.jpg 0 2 0 0
4388.jpg 0 2 0 1
4389.jpg 0 2 0 0
4390.jpg 0 2 0 1
4391.jpg 0 2 0 0
4392.jpg 0 2 0 0
4393.jpg 0 2 0 1
4394.jpg 0 2 0 0
4395.jpg 0 2 0 0
4396.jpg 0 2 0 0
4397.jpg 0 2 0 0
4398.jpg 0 2 0 1
4399.jpg 0 2 0 1
4400.jpg 0 2 0 0
4401.jpg 0 2 0 1
4402.jpg 0 2 0 1
4403.jpg 0 2 0 0
4404.jpg 0 2 0 1
4405.jpg 0 2 0 1
4406.jpg 0 2 0 0
4407.jpg 0 2 0 1
4408.jpg 0 2 0 0
4409.jpg 0 2 0 1
4410.jpg 0 2 0 0
4411.jpg 0 2 0 0
4412.jpg 0 2 0 0
4413.jpg 0 2 0 1
4414.jpg 0 2 1 1
4415.jpg 0 2 1 0
4416.jpg 0 2 1 0
4417.jpg 0 2 1 1
4418.jpg 0 2 0 0
4419.jpg 0 2 0 0
4420.jpg 0 2 0 0
4421.jpg 0 2 0 0
4422.jpg 0 2 2 0
4423.jpg 0 2 2 1
4424.jpg 0 2 2 0
4425.jpg 0 2 2 1
4426.jpg 0 2 2 0
4427.jpg 0 2 2 0
4428.jpg 0 2 2 0
4430.jpg 1 2 0 0
4431.jpg 1 2 0 1
4432.jpg 1 2 0 0
4433.jpg 1 2 0 1
4434.jpg 1 2 0 1
4435.jpg 1 2 0 0
4436.jpg 1 2 0 1
4437.jpg 1 2 0 1
4438.jpg 1 2 0 1
4439.jpg 1 2 0 1
4440.jpg 1 2 0 1
4441.jpg 1 2 0 0
4442.jpg 1 2 0 1
4443.jpg 1 2 0 0
4444.jpg 1 2 0 0
4445.jpg 1 2 0 1
4446.jpg 1 2 0 1
4447.jpg 1 2 0 0
4448.jpg 1 2 0 0
4449.jpg 1 2 0 0
4450.jpg 1 2 0 1
4451.jpg 1 2 0 0
4453.jpg 1 2 0 1
4454.jpg 1 2 0 0
4455.jpg 1 2 0 1
4456.jpg 1 2 0 0
4457.jpg 1 2 0 1
4458.jpg 1 2 0 0
4459.jpg 1 2 0 1
4460.jpg 1 2 0 1
4461.jpg 1 2 0 0
4462.jpg 1 2 0 1
4463.jpg 1 2 0 0
4464.jpg 1 2 0 1
4465.jpg 1 2 0 1
4466.jpg 1 2 0 1
4467.jpg 1 2 0 0
4468.jpg 1 2 0 1
4469.jpg 1 2 0 0
4470.jpg 1 2 0 1
4471.jpg 1 2 0 0
4472.jpg 1 2 0 1
4473.jpg 1 2 0 0
4474.jpg 1 2 0 1
4475.jpg 1 2 0 1
4476.jpg 1 2 0 0
4477.jpg 1 2 0 1
4478.jpg 1 2 0 0
4479.jpg 1 2 0 1
4480.jpg 1 2 0 1
4481.jpg 1 2 0 0
4482.jpg 1 2 0 0
4483.jpg 1 2 0 0
4484.jpg 1 2 0 0
4485.jpg 1 2 0 1
4486.jpg 1 2 0 1
4487.jpg 1 2 0 1
4488.jpg 1 2 0 0
4489.jpg 1 2 0 1
4490.jpg 1 2 0 1
4491.jpg 1 2 0 1
4492.jpg 1 2 0 1
4493.jpg 1 2 0 0
4494.jpg 1 2 0 0
4495.jpg 1 2 0 1
4496.jpg 1 2 0 1
4497.jpg 1 2 0 1
4499.jpg 1 2 0 1
4500.jpg 1 2 0 0
4501.jpg 1 2 0 0
4502.jpg 1 2 0 0
4503.jpg 1 2 0 0
4504.jpg 1 2 0 0
4505.jpg 1 2 0 1
4506.jpg 1 2 2 0
4507.jpg 1 2 2 1
4508.jpg 1 2 2 1
4509.jpg 1 2 2 1
4510.jpg 0 2 0 1
4511.jpg 0 2 0 1
4512.jpg 0 2 0 1
4513.jpg 0 2 0 0
4514.jpg 0 2 0 0
4515.jpg 0 2 0 0
4516.jpg 0 2 0 1
4517.jpg 0 2 0 1
4518.jpg 0 2 0 0
4519.jpg 0 2 0 0
4520.jpg 0 2 0 1
4521.jpg 0 2 0 0
4522.jpg 0 2 0 0
4523.jpg 0 2 0 0
4524.jpg 1 2 0 1
4525.jpg 1 2 0 0
4526.jpg 1 2 0 1
4527.jpg 1 3 0 0
4528.jpg 1 3 0 1
4529.jpg 1 2 0 1
4530.jpg 1 2 0 1
4531.jpg 1 2 0 0
4532.jpg 1 2 0 0
4533.jpg 1 2 0 1
4534.jpg 1 2 0 0
4535.jpg 1 2 0 1
4536.jpg 1 2 0 1
4537.jpg 1 2 0 1
4538.jpg 1 2 0 0
4539.jpg 1 2 0 1
4540.jpg 1 2 0 0
4541.jpg 1 2 0 0
4542.jpg 1 3 0 0
4543.jpg 1 3 0 1
4544.jpg 1 3 0 0
4545.jpg 1 3 0 0
4546.jpg 1 3 0 1
4547.jpg 1 3 0 0
4548.jpg 1 2 0 1
4549.jpg 1 2 0 1
4550.jpg 1 2 0 0
4551.jpg 1 2 0 0
4552.jpg 1 2 0 1
4553.jpg 1 2 0 1
4554.jpg 1 2 0 1
4555.jpg 1 3 0 0
4556.jpg 1 3 0 0
4557.jpg 1 3 0 1
4558.jpg 1 2 0 0
4559.jpg 1 2 0 0
4560.jpg 1 2 0 0
4561.jpg 1 3 0 1
4562.jpg 1 3 0 0
4563.jpg 1 2 0 0
4564.jpg 1 2 0 0
4565.jpg 1 2 0 1
4567.jpg 0 2 0 0
4568.jpg 0 3 0 0
4569.jpg 0 2 0 0
4570.jpg 1 0 0 0
4571.jpg 1 0 0 1
4572.jpg 1 0 0 0
4573.jpg 1 0 0 0
4574.jpg 1 0 0 0
4575.jpg 1 0 0 0
4576.jpg 1 0 0 1
4577.jpg 1 0 0 0
4578.jpg 1 0 0 1
4579.jpg 1 0 0 0
4580.jpg 1 0 0 0
4581.jpg 1 0 0 0
4582.jpg 1 0 0 0
4583.jpg 1 0 0 0
4584.jpg 1 0 0 1
4585.jpg 1 0 0 0
4586.jpg 1 0 0 0
4587.jpg 1 0 0 1
4588.jpg 0 2 0 1
4589.jpg 1 1 0 1
4590.jpg 1 1 0 1
4591.jpg 1 0 0 0
4592.jpg 1 0 0 1
4593.jpg 1 1 0 1
4594.jpg 1 1 0 1
4595.jpg 1 1 0 1
4596.jpg 1 1 0 0
4597.jpg 1 1 0 0
4598.jpg 0 1 0 0
4599.jpg 1 1 0 0
4600.jpg 1 1 0 0
4601.jpg 1 0 0 0
4602.jpg 1 0 0 0
4603.jpg 1 0 0 0
4604.jpg 1 0 0 1
4605.jpg 1 0 0 1
4606.jpg 1 0 0 0
4607.jpg 1 0 0 0
4608.jpg 1 0 0 1
4609.jpg 1 0 0 1
4610.jpg 1 0 0 1
4611.jpg 1 0 0 0
4612.jpg 1 0 0 1
4613.jpg 1 0 0 0
4614.jpg 1 0 0 1
4615.jpg 1 0 0 1
4616.jpg 1 0 0 1
4617.jpg 1 0 0 1
4618.jpg 1 0 0 0
4619.jpg 1 1 0 1
4620.jpg 1 1 0 0
4621.jpg 1 1 0 1
4622.jpg 1 2 0 1
4623.jpg 1 1 0 1
4624.jpg 1 1 0 0
4625.jpg 1 1 0 0
4626.jpg 1 1 0 1
4627.jpg 1 1 0 0
4628.jpg 1 1 0 0
4629.jpg 1 1 0 1
4630.jpg 1 1 0 0
4631.jpg 1 1 0 0
4632.jpg 1 1 0 1
4633.jpg 1 0 2 1
4634.jpg 1 0 2 1
4635.jpg 1 0 2 0
4636.jpg 1 0 2 1
4638.jpg 0 0 0 0
4639.jpg 0 0 0 1
4640.jpg 0 0 0 1
4641.jpg 0 1 0 1
4642.jpg 0 1 0 0
4643.jpg 0 1 0 0
4644.jpg 0 1 0 0
4645.jpg 0 1 0 0
4646.jpg 0 1 0 1
4647.jpg 0 1 0 1
4648.jpg 0 1 0 0
4649.jpg 0 1 0 0
4650.jpg 0 1 0 1
4651.jpg 0 1 0 0
4652.jpg 0 1 0 0
4653.jpg 0 1 0 1
4654.jpg 0 1 0 0
4655.jpg 0 1 0 1
4656.jpg 0 1 0 0
4657.jpg 0 1 0 1
4658.jpg 0 1 0 1
4659.jpg 0 1 0 0
4660.jpg 0 1 0 0
4661.jpg 0 1 0 1
4662.jpg 1 1 0 0
4663.jpg 0 1 0 0
4664.jpg 0 0 0 1
4665.jpg 0 1 0 1
4666.jpg 0 0 0 1
4667.jpg 0 1 0 1
4668.jpg 0 1 0 0
4669.jpg 0 1 0 1
4670.jpg 1 0 1 1
4671.jpg 1 0 1 1
4672.jpg 1 0 1 0
4673.jpg 1 0 1 0
4674.jpg 1 0 2 1
4675.jpg 1 0 2 0
4676.jpg 1 0 2 0
4677.jpg 1 0 2 0
4678.jpg 1 0 2 0
4680.jpg 1 1 0 1
4681.jpg 1 1 0 1
4682.jpg 1 1 0 1
4683.jpg 1 1 0 0
4684.jpg 1 1 0 1
4685.jpg 1 1 0 1
4686.jpg 1 1 0 0
4687.jpg 1 1 0 0
4688.jpg 1 2 0 1
4689.jpg 1 1 0 0
4690.jpg 1 1 0 0
4691.jpg 1 1 0 1
4692.jpg 1 1 0 0
4693.jpg 1 1 0 1
4694.jpg 1 2 0 1
4695.jpg 1 1 0 0
4696.jpg 1 2 0 0
4697.jpg 1 2 0 1
4698.jpg 0 2 0 1
4699.jpg 1 1 0 1
4700.jpg 1 2 0 1
4701.jpg 0 2 0 0
4702.jpg 0 1 0 0
4703.jpg 1 2 0 1
4704.jpg 0 2 0 1
4705.jpg 1 2 0 0
4706.jpg 1 2 0 1
4707.jpg 1 2 0 0
4708.jpg 1 2 0 1
4709.jpg 1 2 0 1
4711.jpg 0 1 0 1
4712.jpg 0 1 0 1
4713.jpg 0 1 0 0
4714.jpg 0 2 0 1
4715.jpg 0 1 0 1
4716.jpg 0 2 0 1
4717.jpg 0 2 0 0
4718.jpg 0 2 0 1
4719.jpg 0 2 0 1
4720.jpg 0 1 0 0
4721.jpg 0 1 0 1
4722.jpg 0 2 0 0
4723.jpg 0 2 0 0
4724.jpg 0 2 0 0
4725.jpg 0 2 0 1
4726.jpg 0 2 0 1
4727.jpg 0 2 0 0
4728.jpg 0 2 0 1
4729.jpg 0 2 0 0
4730.jpg 0 2 0 0
4731.jpg 0 2 0 1
4732.jpg 0 2 0 1
4733.jpg 0 2 0 0
4734.jpg 0 2 0 0
4735.jpg 0 2 0 0
4736.jpg 0 2 0 0
4737.jpg 0 2 0 1
4738.jpg 0 2 0 1
4739.jpg 0 2 0 0
4740.jpg 0 2 0 0
4741.jpg 0 2 0 0
4742.jpg 0 2 0 0
4743.jpg 0 2 0 0
4744.jpg 0 2 0 0
4745.jpg 0 2 0 1
4746.jpg 0 2 0 0
4747.jpg 0 2 0 1
4748.jpg 0 2 0 0
4749.jpg 0 2 0 1
4750.jpg 0 2 0 0
4751.jpg 0 2 0 1
4752.jpg 0 2 0 0
4753.jpg 0 2 0 1
4754.jpg 0 2 0 0
4755.jpg 0 2 0 0
4756.jpg 0 2 0 1
4757.jpg 0 2 1 0
4758.jpg 0 2 1 1
4759.jpg 0 2 0 1
4760.jpg 0 2 0 0
4761.jpg 0 2 0 1
4762.jpg 0 2 0 0
4763.jpg 0 2 0 1
4764.jpg 0 2 0 0
4765.jpg 0 2 0 0
4766.jpg 0 2 0 1
4767.jpg 0 2 0 1
4768.jpg 0 2 0 0
4769.jpg 0 2 0 0
4770.jpg 1 1 0 1
4771.jpg 0 2 0 1
4772.jpg 0 2 0 0
4773.jpg 0 2 0 0
4774.jpg 0 2 0 1
4775.jpg 0 2 0 0
4776.jpg 0 2 0 1
4777.jpg 0 2 0 0
4778.jpg 0 2 0 0
4780.jpg 1 2 0 1
4781.jpg 1 2 0 0
4782.jpg 1 2 0 0
4783.jpg 1 2 0 1
4784.jpg 1 2 0 1
4785.jpg 1 2 0 1
4786.jpg 1 2 0 0
4787.jpg 1 2 0 1
4788.jpg 1 2 0 0
4789.jpg 1 2 0 0
4790.jpg 1 2 0 0
4791.jpg 1 2 0 0
4792.jpg 1 2 0 1
4793.jpg 1 2 0 0
4794.jpg 1 2 0 0
4795.jpg 1 2 0 1
4796.jpg 1 2 0 1
4797.jpg 1 2 0 1
4798.jpg 1 2 0 0
4799.jpg 1 2 0 1
4800.jpg 1 2 0 0
4801.jpg 1 2 0 0
4802.jpg 1 2 0 1
4803.jpg 1 2 0 0
4804.jpg 1 2 0 1
4805.jpg 1 2 0 1
4806.jpg 1 2 0 0
4807.jpg 1 2 0 1
4808.jpg 1 2 0 0
4809.jpg 1 2 0 0
4810.jpg 1 2 0 0
4811.jpg 1 2 0 1
4812.jpg 1 2 0 1
4813.jpg 1 2 0 0
4814.jpg 1 2 0 1
4815.jpg 1 2 0 1
4816.jpg 1 2 0 0
4817.jpg 1 2 0 1
4818.jpg 1 2 0 1
4819.jpg 1 2 0 0
4820.jpg 1 2 0 1
4821.jpg 1 2 0 1
4822.jpg 1 2 0 0
4823.jpg 1 2 0 1
4824.jpg 1 2 0 0
4825.jpg 1 2 0 1
4826.jpg 1 2 0 0
4827.jpg 1 2 0 1
4828.jpg 1 2 0 1
4829.jpg 1 2 0 1
4830.jpg 1 2 0 1
4831.jpg 1 2 0 1
4832.jpg 0 2 0 0
4833.jpg 1 2 0 0
4834.jpg 1 2 0 1
4835.jpg 1 2 0 1
4836.jpg 1 2 0 0
4837.jpg 1 2 0 1
4838.jpg 1 2 0 0
4839.jpg 1 2 0 1
4840.jpg 1 2 0 1
4841.jpg 1 2 0 0
4842.jpg 1 2 0 1
4843.jpg 1 2 0 1
4844.jpg 1 2 0 0
4845.jpg 1 2 0 1
4846.jpg 1 2 0 1
4847.jpg 1 2 0 0
4848.jpg 1 2 0 1
4849.jpg 1 2 0 0
4850.jpg 1 2 0 0
4851.jpg 1 2 0 1
4852.jpg 1 2 0 1
4853.jpg 1 2 0 1
4854.jpg 1 2 0 1
4855.jpg 1 2 0 1
4856.jpg 1 2 0 1
4857.jpg 1 2 0 0
4858.jpg 1 2 0 1
4859.jpg 1 2 0 0
4860.jpg 1 2 0 1
4861.jpg 1 2 0 0
4862.jpg 1 2 0 1
4863.jpg 1 2 0 0
4864.jpg 1 2 0 0
4865.jpg 1 2 0 0
4866.jpg 1 2 0 1
4867.jpg 1 2 0 0
4868.jpg 1 2 0 0
4869.jpg 1 2 0 1
4870.jpg 1 2 0 1
4871.jpg 1 2 0 1
4872.jpg 1 2 0 1
4873.jpg 1 2 0 0
4874.jpg 1 2 0 0
4875.jpg 0 2 0 0
4876.jpg 1 2 0 1
4877.jpg 1 2 0 0
4878.jpg 1 2 0 0
4879.jpg 1 2 0 1
4880.jpg 1 2 0 0
4881.jpg 1 2 0 1
4882.jpg 1 2 0 0
4883.jpg 1 2 0 1
4884.jpg 1 2 0 1
4885.jpg 1 2 0 0
4886.jpg 1 2 0 1
4887.jpg 1 2 0 0
4888.jpg 1 2 0 0
4889.jpg 1 2 0 0
4890.jpg 1 2 0 1
4891.jpg 1 2 0 0
4892.jpg 1 2 0 0
4893.jpg 1 2 0 1
4894.jpg 1 2 0 0
4895.jpg 1 2 0 0
4896.jpg 1 2 0 1
4897.jpg 1 2 0 1
4898.jpg 1 2 0 1
4899.jpg 1 2 0 0
4900.jpg 1 2 0 1
4901.jpg 1 2 0 0
4902.jpg 1 2 0 0
4903.jpg 1 2 0 1
4904.jpg 1 2 0 1
4905.jpg 1 2 0 0
4906.jpg 1 2 0 1
4907.jpg 1 2 0 1
4909.jpg 1 2 0 1
4910.jpg 1 2 0 0
4911.jpg 1 2 0 0
4912.jpg 1 2 0 0
4913.jpg 1 2 0 1
4914.jpg 1 2 0 0
4915.jpg 1 2 0 0
4916.jpg 1 2 0 1
4917.jpg 1 2 0 1
4918.jpg 1 2 0 1
4919.jpg 1 2 0 0
4920.jpg 1 2 0 0
4921.jpg 1 2 0 1
4922.jpg 1 2 0 1
4923.jpg 1 2 0 0
4924.jpg 1 2 0 1
4925.jpg 1 2 0 0
4926.jpg 1 2 0 0
4927.jpg 1 2 0 1
4928.jpg 1 2 0 1
4929.jpg 1 2 0 1
4930.jpg 1 2 0 1
4931.jpg 1 2 0 0
4932.jpg 1 2 0 1
4933.jpg 1 2 0 0
4934.jpg 1 2 0 1
4935.jpg 1 2 0 1
4936.jpg 1 2 0 0
4937.jpg 1 2 0 1
4938.jpg 1 2 0 1
4939.jpg 1 2 0 1
4940.jpg 1 2 0 1
4941.jpg 1 2 0 0
4942.jpg 1 2 0 1
4943.jpg 1 2 0 0
4944.jpg 1 2 0 1
4945.jpg 1 2 0 0
4946.jpg 1 2 0 0
4947.jpg 1 2 0 1
4948.jpg 1 2 0 0
4949.jpg 1 2 0 1
4950.jpg 1 2 0 0
4951.jpg 1 2 0 1
4952.jpg 1 2 0 1
4953.jpg 1 2 0 0
4954.jpg 1 2 0 0
4955.jpg 1 2 0 1
4956.jpg 1 2 0 1
4957.jpg 1 2 0 0
4958.jpg 1 2 0 1
4959.jpg 1 2 0 1
4960.jpg 1 2 0 0
4961.jpg 1 2 0 1
4962.jpg 1 2 0 0
4963.jpg 1 2 0 0
4964.jpg 1 2 0 0
4965.jpg 1 2 0 1
4966.jpg 1 2 0 0
4967.jpg 1 2 0 0
4968.jpg 1 2 0 1
4969.jpg 1 2 0 0
4970.jpg 1 2 0 1
4971.jpg 1 2 0 0
4972.jpg 1 2 0 1
4973.jpg 1 2 0 0
4974.jpg 1 2 0 0
4975.jpg 1 2 0 1
4976.jpg 1 2 0 0
4977.jpg 1 2 0 1
4978.jpg 1 2 0 1
4979.jpg 1 2 0 1
4980.jpg 1 2 0 1
4981.jpg 1 2 0 1
4982.jpg 1 2 0 0
4983.jpg 1 2 0 1
4984.jpg 1 2 0 0
4985.jpg 1 2 0 1
4986.jpg 1 2 0 1
4987.jpg 1 2 0 1
4988.jpg 1 2 0 0
4989.jpg 1 2 0 0
4990.jpg 1 2 0 0
4991.jpg 1 2 0 1
4993.jpg 1 2 0 1
4994.jpg 1 2 0 1
4995.jpg 1 2 0 1
4996.jpg 1 2 0 1
4997.jpg 1 2 0 0
4998.jpg 1 2 0 1
4999.jpg 1 2 0 0
5000.jpg 1 2 0 1
5001.jpg 1 2 0 0
5002.jpg 1 2 0 0
5003.jpg 1 2 0 1
5005.jpg 1 2 0 1
5006.jpg 1 2 0 1
5007.jpg 1 2 0 0
5008.jpg 1 2 0 1
5009.jpg 1 2 0 0
5010.jpg 1 2 0 1
5011.jpg 1 2 0 0
5012.jpg 1 2 0 1
5013.jpg 1 2 0 0
5014.jpg 1 2 0 0
5015.jpg 1 2 0 1
5016.jpg 1 2 0 0
5017.jpg 1 2 0 1
5018.jpg 1 2 0 1
5019.jpg 1 2 0 0
5020.jpg 1 2 0 1
5021.jpg 1 2 0 0
5022.jpg 1 2 0 1
5023.jpg 1 2 0 1
5024.jpg 1 2 0 1
5025.jpg 1 2 0 0
5026.jpg 1 2 0 1
5027.jpg 1 2 0 0
5028.jpg 1 2 0 0
5029.jpg 1 2 0 1
5030.jpg 1 2 0 1
5031.jpg 1 2 0 0
5032.jpg 1 2 0 0
5033.jpg 1 2 0 1
5034.jpg 1 2 0 1
5035.jpg 1 2 0 1
5036.jpg 1 2 0 0
5037.jpg 1 2 0 1
5038.jpg 1 2 0 1
5039.jpg 1 2 0 0
5040.jpg 1 2 0 0
5041.jpg 1 2 0 1
5042.jpg 1 2 0 0
5043.jpg 1 2 0 1
5044.jpg 1 2 0 0
5045.jpg 1 2 0 1
5046.jpg 1 2 0 1
5047.jpg 1 2 0 0
5048.jpg 1 2 0 1
5049.jpg 1 2 0 1
5050.jpg 1 2 0 1
5051.jpg 1 2 0 0
5052.jpg 1 2 0 1
5053.jpg 1 2 0 1
5054.jpg 1 2 0 1
5055.jpg 1 2 0 0
5056.jpg 1 2 0 0
5057.jpg 1 2 0 1
5058.jpg 1 2 0 0
5059.jpg 1 2 0 0
5060.jpg 1 2 0 0
5061.jpg 1 2 0 1
5062.jpg 1 2 0 0
5063.jpg 1 2 0 1
5064.jpg 1 2 0 1
5065.jpg 1 2 0 0
5066.jpg 1 2 0 1
5067.jpg 1 2 0 1
5068.jpg 1 2 0 0
5069.jpg 1 2 0 1
5070.jpg 1 2 0 0
5071.jpg 1 2 0 1
5072.jpg 1 2 0 0
5073.jpg 1 2 0 1
5074.jpg 1 2 0 1
5075.jpg 1 2 0 0
5077.jpg 1 2 0 0
5078.jpg 1 2 0 0
5079.jpg 1 2 0 0
5080.jpg 1 2 0 1
5081.jpg 1 2 0 0
5082.jpg 1 2 1 1
5083.jpg 1 2 1 1
5084.jpg 1 2 0 0
5085.jpg 1 2 0 0
5086.jpg 1 2 0 1
5087.jpg 1 2 1 1
5088.jpg 1 2 0 0
5089.jpg 1 2 1 0
5090.jpg 1 2 1 0
5091.jpg 0 2 0 0
5092.jpg 1 2 0 0
5093.jpg 1 2 0 0
5094.jpg 1 2 1 1
5095.jpg 1 2 1 0
5096.jpg 1 2 1 1
5097.jpg 1 2 0 1
5098.jpg 1 2 2 1
5099.jpg 1 2 2 0
5100.jpg 1 2 2 1
5101.jpg 1 2 2 0
5102.jpg 1 2 2 1
5103.jpg 1 2 2 1
5104.jpg 1 2 2 0
5105.jpg 1 2 2 0
5106.jpg 1 2 2 1
5107.jpg 1 2 2 0
5108.jpg 1 2 2 0
5109.jpg 1 2 2 1
5110.jpg 1 2 0 1
5111.jpg 1 2 2 0
5112.jpg 1 2 2 0
5114.jpg 0 2 0 0
5115.jpg 0 2 0 0
5116.jpg 0 2 0 0
5117.jpg 0 2 0 0
5118.jpg 0 2 0 0
5119.jpg 0 2 0 0
5120.jpg 0 2 0 1
5121.jpg 0 2 0 0
5122.jpg 0 2 0 1
5123.jpg 0 2 0 0
5124.jpg 0 2 0 1
5125.jpg 0 2 0 0
5126.jpg 0 2 0 0
5127.jpg 0 2 0 0
5128.jpg 0 2 0 0
5129.jpg 0 2 0 1
5130.jpg 0 2 0 0
5131.jpg 0 2 0 1
5132.jpg 0 2 0 0
5133.jpg 0 2 0 1
5134.jpg 0 2 0 0
5135.jpg 0 2 0 1
5136.jpg 0 2 0 1
5137.jpg 0 2 0 1
5138.jpg 0 2 0 0
5139.jpg 0 2 0 0
5140.jpg 0 2 0 0
5141.jpg 0 2 0 0
5142.jpg 0 2 0 0
5143.jpg 0 2 0 1
5144.jpg 0 2 0 1
5145.jpg 0 2 0 0
5146.jpg 0 2 0 0
5147.jpg 0 2 0 0
5148.jpg 0 2 0 0
5149.jpg 0 2 0 1
5150.jpg 0 2 0 0
5151.jpg 0 2 0 0
5152.jpg 0 2 0 0
5153.jpg 0 2 0 1
5154.jpg 0 2 0 0
5155.jpg 0 2 0 1
5156.jpg 0 2 0 0
5157.jpg 0 2 0 0
5158.jpg 0 2 0 1
5159.jpg 0 2 0 1
5160.jpg 0 2 0 0
5161.jpg 0 2 0 1
5162.jpg 0 2 0 0
5163.jpg 0 2 0 1
5164.jpg 0 2 0 0
5165.jpg 0 2 0 1
5166.jpg 0 2 0 0
5167.jpg 0 2 0 0
5168.jpg 0 2 0 0
5169.jpg 0 2 0 1
5170.jpg 0 2 0 0
5171.jpg 0 2 0 0
5172.jpg 0 2 0 0
5173.jpg 0 2 0 0
5174.jpg 0 2 0 0
5175.jpg 0 2 0 1
5176.jpg 0 2 0 0
5177.jpg 0 2 0 0
5178.jpg 0 2 0 0
5179.jpg 0 2 0 0
5180.jpg 0 2 0 0
5181.jpg 0 2 0 1
5182.jpg 0 2 0 0
5183.jpg 0 2 0 0
5184.jpg 0 2 0 1
5185.jpg 0 2 0 0
5186.jpg 0 2 0 0
5187.jpg 0 2 0 1
5188.jpg 0 2 0 1
5189.jpg 0 2 0 0
5190.jpg 0 2 0 1
5191.jpg 0 2 0 1
5192.jpg 0 2 0 0
5193.jpg 0 2 0 0
5194.jpg 0 2 0 0
5195.jpg 0 2 0 0
5196.jpg 0 2 0 0
5197.jpg 0 2 0 0
5198.jpg 0 2 0 0
5199.jpg 0 2 0 0
5200.jpg 0 2 0 1
5201.jpg 0 2 0 0
5202.jpg 0 2 0 0
5203.jpg 0 2 0 0
5204.jpg 0 2 0 0
5205.jpg 0 2 0 0
5206.jpg 0 2 0 0
5207.jpg 0 2 0 0
5208.jpg 0 2 0 1
5209.jpg 0 2 0 1
5210.jpg 0 2 0 1
5211.jpg 0 2 0 0
5212.jpg 0 2 0 0
5213.jpg 0 2 0 1
5214.jpg 0 2 0 0
5215.jpg 0 2 0 0
5216.jpg 0 2 0 0
5217.jpg 0 2 0 0
5218.jpg 0 2 0 0
5219.jpg 0 2 0 0
5220.jpg 0 2 0 1
5221.jpg 0 2 0 0
5222.jpg 0 2 0 0
